% time(s)	cellId	bwpId	IMSI	RNTI	frame	sframe	slot	symStart	numSym	harqId	ndi	rv	mcs	tbSize
0.0215	1	0	9	9	2	2	1	1	2	15	1	0	0	172
0.0215	1	0	7	7	2	2	1	3	2	15	1	0	0	172
0.0395	1	0	4	4	4	0	1	1	2	15	1	0	0	172
0.0415	1	0	5	5	4	2	1	1	3	15	1	0	0	260
0.0425	1	0	1	1	4	3	1	1	3	15	1	0	0	260
0.0435	1	0	3	3	4	4	1	1	3	15	1	0	0	260
0.0465	1	0	2	2	4	7	1	1	2	15	1	0	0	172
0.0735	1	0	8	8	7	4	1	1	2	15	1	0	0	172
0.0775	1	0	9	9	7	8	1	1	1	15	1	0	8	428
0.0825	1	0	6	6	8	3	1	1	2	15	1	0	0	172
0.0855	1	0	10	10	8	6	1	1	3	15	1	0	0	260
0.0865	1	0	4	4	8	7	1	1	1	15	1	0	15	874
0.0885	1	0	7	7	8	9	1	1	3	15	1	0	0	260
0.1015	1	0	5	5	10	2	1	1	2	15	1	0	2	274
0.1015	1	0	1	1	10	2	1	3	1	15	1	0	28	2037
0.1025	1	0	3	3	10	3	1	1	1	15	1	0	6	318
0.1075	1	0	2	2	10	8	1	1	1	15	1	0	26	1862
0.1285	1	0	8	8	12	9	1	1	2	15	1	0	2	274
0.1355	1	0	7	7	13	6	1	1	1	15	1	0	4	216
0.1365	1	0	9	9	13	7	1	1	1	15	1	0	13	699
0.1395	1	0	10	10	14	0	1	1	3	15	1	0	0	260
0.1395	1	0	6	6	14	0	1	4	1	15	1	0	4	216
0.1405	1	0	4	4	14	1	1	1	1	15	1	0	13	699
0.1565	1	0	3	3	15	7	1	1	1	15	1	0	6	318
0.1685	1	0	1	1	16	9	1	1	1	15	1	0	28	2037
0.1765	1	0	5	5	17	7	1	1	3	15	1	0	0	260
0.1815	1	0	8	8	18	2	1	1	2	15	1	0	2	274
0.1855	1	0	9	9	18	6	1	1	1	15	1	0	13	699
0.1885	1	0	2	2	18	9	1	1	1	15	1	0	26	1862
0.1905	1	0	4	4	19	1	1	1	1	15	1	0	20	1203
0.1935	1	0	10	10	19	4	1	1	3	15	1	0	0	260
0.1935	1	0	7	7	19	4	1	4	1	15	1	0	18	1006
0.1975	1	0	6	6	19	8	1	1	2	15	1	0	0	172
0.2285	1	0	3	3	22	9	1	1	1	15	1	0	6	318
0.2345	1	0	5	5	23	5	1	1	1	15	1	0	4	216
0.2345	1	0	1	1	23	5	1	2	1	15	1	0	26	1862
0.2385	1	0	8	8	23	9	1	1	2	15	1	0	2	274
0.2415	1	0	9	9	24	2	1	1	1	15	1	0	15	874
0.2475	1	0	2	2	24	8	1	1	1	15	1	0	26	1862
0.2485	1	0	7	7	24	9	1	1	1	15	1	0	15	874
0.2515	1	0	6	6	25	2	1	1	1	15	1	0	4	216
0.2565	1	0	10	10	25	7	1	1	2	15	1	0	0	172
0.2585	1	0	4	4	25	9	1	1	1	15	1	0	22	1423
0.2925	1	0	3	3	29	3	1	1	1	15	1	0	6	318
0.2985	1	0	1	1	29	9	1	1	1	15	1	0	26	1862
0.2995	1	0	8	8	30	0	1	1	2	15	1	0	2	274
0.3005	1	0	2	2	30	1	1	1	1	15	1	0	26	1862
0.3025	1	0	9	9	30	3	1	1	1	15	1	0	8	428
0.3075	1	0	7	7	30	8	1	1	1	15	1	0	20	1203
0.3085	1	0	5	5	30	9	1	1	1	15	1	0	6	318
0.3095	1	0	6	6	31	0	1	1	1	15	1	0	8	428
0.3155	1	0	10	10	31	6	1	1	2	15	1	0	0	172
0.3275	1	0	4	4	32	8	1	1	1	15	1	0	22	1423
0.3505	1	0	3	3	35	1	1	1	1	15	1	0	6	318
0.3535	1	0	9	9	35	4	1	1	1	15	1	0	11	538
0.3535	1	0	8	8	35	4	1	2	1	15	1	0	6	318
0.3535	1	0	2	2	35	4	1	3	1	15	1	0	26	1862
0.359	1	0	5	5	36	0	0	1	1	15	1	0	11	538
0.3625	1	0	7	7	36	3	1	1	1	15	1	0	18	1006
0.3655	1	0	6	6	36	6	1	1	1	15	1	0	11	538
0.3675	1	0	1	1	36	8	1	1	1	15	1	0	26	1862
0.3705	1	0	10	10	37	1	1	1	2	15	1	0	0	172
0.3855	1	0	4	4	38	6	1	1	1	15	1	0	22	1423
0.4005	1	0	9	9	40	1	1	1	1	15	1	0	13	699
0.4035	1	0	3	3	40	4	1	1	1	15	1	0	8	428
0.4075	1	0	5	5	40	8	1	1	1	15	1	0	11	538
0.4095	1	0	8	8	41	0	1	1	1	15	1	0	8	428
0.4185	1	0	1	1	41	9	1	1	1	15	1	0	26	1862
0.4215	1	0	10	10	42	2	1	1	2	15	1	0	0	172
0.4275	1	0	6	6	42	8	1	1	1	15	1	0	6	318
0.4295	1	0	2	2	43	0	1	1	1	15	1	0	26	1862
0.4335	1	0	7	7	43	4	1	1	1	15	1	0	22	1423
0.4455	1	0	4	4	44	6	1	1	1	15	1	0	24	1642
0.4515	1	0	9	9	45	2	1	1	1	15	1	0	11	538
0.4625	1	0	5	5	46	3	1	1	1	15	1	0	11	538
0.4635	1	0	8	8	46	4	1	1	1	15	1	0	8	428
0.4645	1	0	3	3	46	5	1	1	1	15	1	0	8	428
0.4745	1	0	10	10	47	5	1	1	2	15	1	0	0	172
0.4755	1	0	1	1	47	6	1	1	1	15	1	0	26	1862
0.4915	1	0	6	6	49	2	1	1	2	15	1	0	2	274
0.4955	1	0	7	7	49	6	1	1	1	15	1	0	18	1006
0.5025	1	0	9	9	50	3	1	1	1	15	1	0	8	428
0.5075	1	0	4	4	50	8	1	1	1	15	1	0	26	1862
0.5085	1	0	2	2	50	9	1	1	1	15	1	0	26	1862
0.5185	1	0	3	3	51	9	1	1	1	15	1	0	6	318
0.5275	1	0	5	5	52	8	1	1	1	15	1	0	8	428
0.5285	1	0	8	8	52	9	1	1	1	15	1	0	11	538
0.5305	1	0	10	10	53	1	1	1	2	15	1	0	0	172
0.5475	1	0	6	6	54	8	1	1	3	15	1	0	0	260
0.5475	1	0	1	1	54	8	1	4	1	15	1	0	26	1862
0.5515	1	0	7	7	55	2	1	1	1	15	1	0	20	1203
0.5685	1	0	9	9	56	9	1	1	1	15	1	0	13	699
0.5725	1	0	2	2	57	3	1	1	1	15	1	0	26	1862
0.5755	1	0	3	3	57	6	1	1	1	15	1	0	6	318
0.5785	1	0	4	4	57	9	1	1	1	15	1	0	13	699
0.5845	1	0	5	5	58	5	1	1	1	15	1	0	11	538
0.5865	1	0	8	8	58	7	1	1	1	15	1	0	11	538
0.6055	1	0	6	6	60	6	1	1	2	15	1	0	0	172
0.6065	1	0	7	7	60	7	1	1	1	15	1	0	22	1423
0.6085	1	0	1	1	60	9	1	1	1	15	1	0	26	1862
0.6205	1	0	10	10	62	1	1	1	2	15	1	0	0	172
0.6275	1	0	2	2	62	8	1	1	1	15	1	0	26	1862
0.6305	1	0	9	9	63	1	1	1	1	15	1	0	11	538
0.6325	1	0	4	4	63	3	1	1	1	15	1	0	22	1423
0.6335	1	0	3	3	63	4	1	1	1	15	1	0	8	428
0.6435	1	0	5	5	64	4	1	1	1	15	1	0	11	538
0.6585	1	0	8	8	65	9	1	1	1	15	1	0	18	1006
0.6585	1	0	1	1	65	9	1	2	1	15	1	0	26	1862
0.6685	1	0	7	7	66	9	1	1	1	15	1	0	24	1642
0.6685	1	0	6	6	66	9	1	2	4	15	1	0	0	348
0.6815	1	0	2	2	68	2	1	1	1	15	1	0	26	1862
0.6845	1	0	9	9	68	5	1	1	1	15	1	0	8	428
0.6845	1	0	4	4	68	5	1	2	1	15	1	0	28	2037
0.6875	1	0	3	3	68	8	1	1	1	15	1	0	20	1203
0.6905	1	0	10	10	69	1	1	1	3	15	1	0	0	260
0.7005	1	0	5	5	70	1	1	1	1	15	1	0	8	428
0.7125	1	0	8	8	71	3	1	1	1	15	1	0	18	1006
0.7295	1	0	7	7	73	0	1	1	1	15	1	0	8	428
0.7325	1	0	1	1	73	3	1	1	1	15	1	0	26	1862
0.7345	1	0	2	2	73	5	1	1	1	15	1	0	26	1862
0.7395	1	0	6	6	74	0	1	1	3	15	1	0	0	260
0.7415	1	0	4	4	74	2	1	1	1	15	1	0	24	1642
0.7455	1	0	9	9	74	6	1	1	2	15	1	0	0	172
0.7475	1	0	3	3	74	8	1	1	1	15	1	0	26	1862
0.7565	1	0	5	5	75	7	1	1	1	15	1	0	11	538
0.7605	1	0	10	10	76	1	1	1	4	15	1	0	0	348
0.7835	1	0	8	8	78	4	1	1	1	15	1	0	15	874
0.7835	1	0	2	2	78	4	1	2	1	15	1	0	26	1862
0.7855	1	0	7	7	78	6	1	1	1	15	1	0	15	874
0.789	1	0	6	6	79	0	0	1	2	15	1	0	0	172
0.7965	1	0	4	4	79	7	1	1	1	15	1	0	28	2037
0.7965	1	0	1	1	79	7	1	2	1	15	1	0	28	2037
0.8055	1	0	9	9	80	6	1	1	1	15	1	0	4	216
0.8085	1	0	5	5	80	9	1	1	1	15	1	0	13	699
0.8115	1	0	10	10	81	2	1	1	2	15	1	0	0	172
0.8185	1	0	3	3	81	9	1	1	1	15	1	0	26	1862
0.8455	1	0	1	1	84	6	1	1	1	15	1	0	26	1862
0.8485	1	0	7	7	84	9	1	1	1	15	1	0	20	1203
0.8495	1	0	4	4	85	0	1	1	1	15	1	0	28	2037
0.8575	1	0	8	8	85	8	1	1	1	15	1	0	13	699
0.8595	1	0	6	6	86	0	1	1	2	15	1	0	0	172
0.8615	1	0	10	10	86	2	1	1	2	15	1	0	0	172
0.867	1	0	2	2	86	8	0	1	1	15	1	0	26	1862
0.8685	1	0	5	5	86	9	1	1	1	15	1	0	13	699
0.8685	1	0	3	3	86	9	1	2	1	15	1	0	24	1642
0.8865	1	0	9	9	88	7	1	1	1	15	1	0	6	318
0.8995	1	0	7	7	90	0	1	1	1	15	1	0	15	874
0.9005	1	0	1	1	90	1	1	1	1	15	1	0	26	1862
0.9155	1	0	8	8	91	6	1	1	1	15	1	0	11	538
0.9175	1	0	4	4	91	8	1	1	1	15	1	0	28	2037
0.9205	1	0	10	10	92	1	1	1	3	15	1	0	0	260
0.9205	1	0	6	6	92	1	1	4	2	15	1	0	2	274
0.9215	1	0	5	5	92	2	1	1	1	15	1	0	6	318
0.9215	1	0	2	2	92	2	1	2	1	15	1	0	26	1862
0.9305	1	0	3	3	93	1	1	1	1	15	1	0	18	1006
0.9465	1	0	9	9	94	7	1	1	1	15	1	0	8	428
0.9515	1	0	7	7	95	2	1	1	1	15	1	0	8	428
0.9615	1	0	1	1	96	2	1	1	1	15	1	0	26	1862
0.9675	1	0	8	8	96	8	1	1	1	15	1	0	13	699
0.9705	1	0	5	5	97	1	1	1	1	15	1	0	13	699
0.9715	1	0	4	4	97	2	1	1	1	15	1	0	28	2037
0.9725	1	0	10	10	97	3	1	1	3	15	1	0	0	260
0.9795	1	0	2	2	98	0	1	1	1	15	1	0	26	1862
0.9845	1	0	6	6	98	5	1	1	3	15	1	0	0	260
0.9855	1	0	3	3	98	6	1	1	1	15	1	0	13	699
1.0085	1	0	9	9	100	9	1	1	2	15	1	0	6	640
1.0175	1	0	7	7	101	8	1	1	1	15	1	0	6	318
1.0185	1	0	1	1	101	9	1	1	1	15	1	0	26	1862
1.0275	1	0	8	8	102	8	1	1	1	15	1	0	13	699
1.0275	1	0	4	4	102	8	1	2	1	15	1	0	26	1862
1.0315	1	0	10	10	103	2	1	1	3	15	1	0	0	260
1.0335	1	0	5	5	103	4	1	1	1	15	1	0	15	874
1.0345	1	0	2	2	103	5	1	1	1	15	1	0	26	1862
1.0415	1	0	6	6	104	2	1	1	2	15	1	0	2	274
1.0655	1	0	3	3	106	6	1	1	1	15	1	0	6	318
1.0665	1	0	9	9	106	7	1	1	1	15	1	0	4	216
1.0665	1	0	7	7	106	7	1	2	1	15	1	0	13	699
1.0755	1	0	4	4	107	6	1	1	1	15	1	0	28	2037
1.0825	1	0	10	10	108	3	1	1	2	15	1	0	0	172
1.0835	1	0	2	2	108	4	1	1	1	15	1	0	26	1862
1.0895	1	0	5	5	109	0	1	1	1	15	1	0	11	538
1.0895	1	0	1	1	109	0	1	2	1	15	1	0	26	1862
1.0905	1	0	8	8	109	1	1	1	1	15	1	0	13	699
1.1045	1	0	6	6	110	5	1	1	1	15	1	0	4	216
1.1165	1	0	9	9	111	7	1	1	2	15	1	0	2	274
1.1195	1	0	7	7	112	0	1	1	1	15	1	0	13	699
1.1235	1	0	3	3	112	4	1	1	1	15	1	0	6	318
1.1365	1	0	4	4	113	7	1	1	1	15	1	0	22	1423
1.1395	1	0	10	10	114	0	1	1	2	15	1	0	4	435
1.1395	1	0	2	2	114	0	1	3	1	15	1	0	28	2037
1.1395	1	0	1	1	114	0	1	4	1	15	1	0	26	1862
1.1435	1	0	8	8	114	4	1	1	1	15	1	0	8	428
1.145	1	0	5	5	114	6	0	1	1	15	1	0	11	538
1.1685	1	0	6	6	116	9	1	1	1	15	1	0	4	216
1.1705	1	0	7	7	117	1	1	1	1	15	1	0	13	699
1.1765	1	0	3	3	117	7	1	1	1	15	1	0	6	318
1.1885	1	0	9	9	118	9	1	1	3	15	1	0	0	260
1.1915	1	0	10	10	119	2	1	1	2	15	1	0	6	640
1.1925	1	0	2	2	119	3	1	1	1	15	1	0	28	2037
1.2005	1	0	8	8	120	1	1	1	1	15	1	0	8	428
1.2025	1	0	4	4	120	3	1	1	1	15	1	0	28	2037
1.2035	1	0	5	5	120	4	1	1	1	15	1	0	11	538
1.2185	1	0	1	1	121	9	1	1	1	15	1	0	26	1862
1.2225	1	0	6	6	122	3	1	1	2	15	1	0	2	274
1.2315	1	0	3	3	123	2	1	1	1	15	1	0	18	1006
1.2425	1	0	7	7	124	3	1	1	1	15	1	0	13	699
1.2455	1	0	9	9	124	6	1	1	3	15	1	0	0	260
1.2455	1	0	2	2	124	6	1	4	1	15	1	0	28	2037
1.2535	1	0	4	4	125	4	1	1	1	15	1	0	26	1862
1.2645	1	0	5	5	126	5	1	1	1	15	1	0	8	428
1.2715	1	0	10	10	127	2	1	1	2	15	1	0	2	274
1.2735	1	0	8	8	127	4	1	1	1	15	1	0	6	318
1.2805	1	0	3	3	128	1	1	1	1	15	1	0	22	1423
1.2835	1	0	6	6	128	4	1	1	2	15	1	0	0	172
1.2875	1	0	1	1	128	8	1	1	1	15	1	0	26	1862
1.2925	1	0	7	7	129	3	1	1	1	15	1	0	11	538
1.298	1	0	9	9	129	9	0	1	3	15	1	0	0	260
1.3105	1	0	2	2	131	1	1	1	1	15	1	0	28	2037
1.3145	1	0	4	4	131	5	1	1	1	15	1	0	24	1642
1.3155	1	0	5	5	131	6	1	1	1	15	1	0	11	538
1.3255	1	0	10	10	132	6	1	1	1	15	1	0	2	135
1.3305	1	0	8	8	133	1	1	1	1	15	1	0	8	428
1.3395	1	0	6	6	134	0	1	1	3	15	1	0	0	260
1.3405	1	0	1	1	134	1	1	1	1	15	1	0	26	1862
1.345	1	0	7	7	134	6	0	1	1	15	1	0	8	428
1.3565	1	0	3	3	135	7	1	1	1	15	1	0	20	1203
1.3605	1	0	9	9	136	1	1	1	3	15	1	0	0	260
1.3605	1	0	2	2	136	1	1	4	1	15	1	0	28	2037
1.3625	1	0	4	4	136	3	1	1	1	15	1	0	28	2037
1.3795	1	0	10	10	138	0	1	1	1	15	1	0	6	318
1.3795	1	0	5	5	138	0	1	2	1	15	1	0	13	699
1.3865	1	0	8	8	138	7	1	1	1	15	1	0	6	318
1.3885	1	0	6	6	138	9	1	1	2	15	1	0	0	172
1.4015	1	0	7	7	140	2	1	1	1	15	1	0	6	318
1.4055	1	0	1	1	140	6	1	1	1	15	1	0	26	1862
1.4065	1	0	3	3	140	7	1	1	1	15	1	0	20	1203
1.4145	1	0	9	9	141	5	1	1	2	15	1	0	0	172
1.4165	1	0	4	4	141	7	1	1	1	15	1	0	26	1862
1.4175	1	0	2	2	141	8	1	1	1	15	1	0	24	1642
1.4375	1	0	10	10	143	8	1	1	1	15	1	0	6	318
1.4395	1	0	5	5	144	0	1	1	1	15	1	0	6	318
1.4465	1	0	8	8	144	7	1	1	1	15	1	0	4	216
1.4545	1	0	6	6	145	5	1	1	3	15	1	0	0	260
1.4575	1	0	1	1	145	8	1	1	1	15	1	0	26	1862
1.4635	1	0	7	7	146	4	1	1	1	15	1	0	4	216
1.4675	1	0	4	4	146	8	1	1	1	15	1	0	26	1862
1.4675	1	0	3	3	146	8	1	2	1	15	1	0	22	1423
1.4675	1	0	2	2	146	8	1	3	1	15	1	0	26	1862
1.4715	1	0	9	9	147	2	1	1	2	15	1	0	2	274
1.4885	1	0	10	10	148	9	1	1	1	15	1	0	2	135
1.4955	1	0	8	8	149	6	1	1	1	15	1	0	4	216
1.4985	1	0	5	5	149	9	1	1	1	15	1	0	8	428
1.5125	1	0	1	1	151	3	1	1	1	15	1	0	26	1862
1.5135	1	0	4	4	151	4	1	1	2	15	1	0	0	172
1.5155	1	0	6	6	151	6	1	1	2	15	1	0	0	172
1.5175	1	0	3	3	151	8	1	1	1	15	1	0	11	538
1.5185	1	0	2	2	151	9	1	1	1	15	1	0	26	1862
1.5195	1	0	7	7	152	0	1	1	2	15	1	0	4	435
1.5215	1	0	9	9	152	2	1	1	2	15	1	0	0	172
1.5465	1	0	10	10	154	7	1	1	1	15	1	0	8	428
1.5565	1	0	8	8	155	7	1	1	1	15	1	0	4	216
1.5595	1	0	5	5	156	0	1	1	1	15	1	0	11	538
1.5645	1	0	4	4	156	5	1	1	1	15	1	0	8	428
1.5685	1	0	3	3	156	9	1	1	1	15	1	0	20	1203
1.5695	1	0	1	1	157	0	1	1	1	15	1	0	26	1862
1.5735	1	0	6	6	157	4	1	1	3	15	1	0	0	260
1.5755	1	0	9	9	157	6	1	1	3	15	1	0	0	260
1.5775	1	0	7	7	157	8	1	1	1	15	1	0	4	216
1.6075	1	0	2	2	160	8	1	1	1	15	1	0	26	1862
1.6175	1	0	10	10	161	8	1	1	1	15	1	0	8	428
1.6195	1	0	5	5	162	0	1	1	1	15	1	0	8	428
1.6235	1	0	4	4	162	4	1	1	1	15	1	0	13	699
1.6245	1	0	1	1	162	5	1	1	1	15	1	0	26	1862
1.6275	1	0	8	8	162	8	1	1	2	15	1	0	0	172
1.6285	1	0	6	6	162	9	1	1	2	15	1	0	0	172
1.6295	1	0	3	3	163	0	1	1	1	15	1	0	22	1423
1.634	1	0	9	9	163	5	0	1	3	15	1	0	0	260
1.6395	1	0	7	7	164	0	1	1	1	15	1	0	8	428
1.6705	1	0	5	5	167	1	1	1	1	15	1	0	6	318
1.6725	1	0	4	4	167	3	1	1	1	15	1	0	18	1006
1.6735	1	0	10	10	167	4	1	1	2	15	1	0	4	435
1.6745	1	0	2	2	167	5	1	1	1	15	1	0	26	1862
1.6755	1	0	1	1	167	6	1	1	1	15	1	0	26	1862
1.6775	1	0	6	6	167	8	1	1	2	15	1	0	0	172
1.6775	1	0	3	3	167	8	1	3	1	15	1	0	24	1642
1.6885	1	0	7	7	168	9	1	1	1	15	1	0	8	428
1.7025	1	0	9	9	170	3	1	1	3	15	1	0	0	260
1.7055	1	0	8	8	170	6	1	1	3	15	1	0	0	260
1.7235	1	0	4	4	172	4	1	1	1	15	1	0	20	1203
1.7305	1	0	10	10	173	1	1	1	3	15	1	0	0	260
1.7325	1	0	5	5	173	3	1	1	1	15	1	0	4	216
1.7355	1	0	7	7	173	6	1	1	1	15	1	0	6	318
1.7365	1	0	1	1	173	7	1	1	1	15	1	0	28	2037
1.7375	1	0	6	6	173	8	1	1	2	15	1	0	0	172
1.7405	1	0	2	2	174	1	1	1	1	15	1	0	26	1862
1.7555	1	0	3	3	175	6	1	1	1	15	1	0	18	1006
1.7605	1	0	9	9	176	1	1	1	3	15	1	0	0	260
1.7615	1	0	8	8	176	2	1	1	3	15	1	0	0	260
1.7915	1	0	4	4	179	2	1	1	1	15	1	0	26	1862
1.7935	1	0	1	1	179	4	1	1	1	15	1	0	28	2037
1.7945	1	0	5	5	179	5	1	1	3	15	1	0	2	413
1.8005	1	0	7	7	180	1	1	1	2	15	1	0	2	274
1.8005	1	0	2	2	180	1	1	3	1	15	1	0	24	1642
1.806	1	0	6	6	180	7	0	1	3	15	1	0	0	260
1.8125	1	0	8	8	181	3	1	1	3	15	1	0	0	260
1.8165	1	0	10	10	181	7	1	1	3	15	1	0	0	260
1.8195	1	0	3	3	182	0	1	1	1	15	1	0	18	1006
1.8215	1	0	9	9	182	2	1	1	3	15	1	0	0	260
1.8485	1	0	2	2	184	9	1	1	1	15	1	0	26	1862
1.8575	1	0	7	7	185	8	1	1	2	15	1	0	2	274
1.8575	1	0	6	6	185	8	1	3	2	15	1	0	0	172
1.8575	1	0	4	4	185	8	1	5	1	15	1	0	28	2037
1.8605	1	0	1	1	186	1	1	1	1	15	1	0	28	2037
1.863	1	0	10	10	186	4	0	1	2	15	1	0	0	172
1.8635	1	0	5	5	186	4	1	1	2	15	1	0	0	172
1.8665	1	0	8	8	186	7	1	1	2	15	1	0	0	172
1.8665	1	0	3	3	186	7	1	3	1	15	1	0	18	1006
1.8795	1	0	9	9	188	0	1	1	2	15	1	0	2	274
1.9035	1	0	2	2	190	4	1	1	1	15	1	0	26	1862
1.9075	1	0	6	6	190	8	1	1	2	15	1	0	0	172
1.9105	1	0	7	7	191	1	1	1	2	15	1	0	0	172
1.9135	1	0	10	10	191	4	1	1	1	15	1	0	4	216
1.9145	1	0	5	5	191	5	1	1	3	15	1	0	0	260
1.9145	1	0	4	4	191	5	1	4	1	15	1	0	26	1862
1.9205	1	0	1	1	192	1	1	1	1	15	1	0	26	1862
1.9235	1	0	8	8	192	4	1	1	3	15	1	0	0	260
1.9245	1	0	3	3	192	5	1	1	1	15	1	0	11	538
1.9325	1	0	9	9	193	3	1	1	1	15	1	0	4	216
1.9635	1	0	2	2	196	4	1	1	1	15	1	0	26	1862
1.9665	1	0	6	6	196	7	1	1	3	15	1	0	0	260
1.9675	1	0	7	7	196	8	1	1	2	15	1	0	2	274
1.9725	1	0	4	4	197	3	1	1	1	15	1	0	26	1862
1.9755	1	0	5	5	197	6	1	1	2	15	1	0	0	172
1.9785	1	0	10	10	197	9	1	1	1	15	1	0	4	216
1.9805	1	0	1	1	198	1	1	1	1	15	1	0	26	1862
1.9855	1	0	9	9	198	6	1	1	1	15	1	0	6	318
1.9975	1	0	3	3	199	8	1	1	1	15	1	0	20	1203
1.9985	1	0	8	8	199	9	1	1	3	15	1	0	0	260
2.0245	1	0	7	7	202	5	1	1	1	15	1	0	6	318
2.03	1	0	10	10	203	1	0	1	1	15	1	0	2	135
2.03	1	0	5	5	203	1	0	2	2	15	1	0	0	172
2.0305	1	0	6	6	203	1	1	1	2	15	1	0	0	172
2.0315	1	0	4	4	203	2	1	1	1	15	1	0	24	1642
2.0315	1	0	2	2	203	2	1	2	1	15	1	0	26	1862
2.0335	1	0	1	1	203	4	1	1	1	15	1	0	26	1862
2.0505	1	0	9	9	205	1	1	1	1	15	1	0	6	318
2.0535	1	0	3	3	205	4	1	1	1	15	1	0	18	1006
2.059	1	0	8	8	206	0	0	1	2	15	1	0	0	172
2.0775	1	0	7	7	207	8	1	1	1	15	1	0	8	428
2.0865	1	0	10	10	208	7	1	1	2	15	1	0	0	172
2.0895	1	0	6	6	209	0	1	1	3	15	1	0	0	260
2.0895	1	0	2	2	209	0	1	4	1	15	1	0	26	1862
2.0915	1	0	4	4	209	2	1	1	1	15	1	0	28	2037
2.0915	1	0	1	1	209	2	1	2	1	15	1	0	26	1862
2.0965	1	0	5	5	209	7	1	1	3	15	1	0	0	260
2.1055	1	0	9	9	210	6	1	1	1	15	1	0	11	538
2.1065	1	0	3	3	210	7	1	1	1	15	1	0	18	1006
2.1165	1	0	8	8	211	7	1	1	3	15	1	0	0	260
2.1275	1	0	7	7	212	8	1	1	1	15	1	0	8	428
2.1375	1	0	10	10	213	8	1	1	2	15	1	0	0	172
2.1405	1	0	1	1	214	1	1	1	1	15	1	0	28	2037
2.1445	1	0	6	6	214	5	1	1	4	15	1	0	0	348
2.1465	1	0	2	2	214	7	1	1	1	15	1	0	26	1862
2.1485	1	0	5	5	214	9	1	1	2	15	1	0	0	172
2.1605	1	0	9	9	216	1	1	1	1	15	1	0	13	699
2.1615	1	0	4	4	216	2	1	1	1	15	1	0	28	2037
2.1655	1	0	8	8	216	6	1	1	3	15	1	0	0	260
2.1795	1	0	7	7	218	0	1	1	2	15	1	0	4	435
2.1795	1	0	3	3	218	0	1	3	1	15	1	0	15	874
2.1925	1	0	10	10	219	3	1	1	3	15	1	0	0	260
2.1945	1	0	5	5	219	5	1	1	2	15	1	0	2	274
2.2015	1	0	6	6	220	2	1	1	3	15	1	0	0	260
2.2015	1	0	2	2	220	2	1	4	1	15	1	0	26	1862
2.2025	1	0	1	1	220	3	1	1	1	15	1	0	28	2037
2.2165	1	0	4	4	221	7	1	1	1	15	1	0	18	1006
2.2175	1	0	8	8	221	8	1	1	2	15	1	0	0	172
2.2265	1	0	9	9	222	7	1	1	1	15	1	0	11	538
2.2315	1	0	7	7	223	2	1	1	2	15	1	0	2	274
2.237	1	0	3	3	223	8	0	1	1	15	1	0	11	538
2.2485	1	0	5	5	224	9	1	1	2	15	1	0	2	274
2.2495	1	0	10	10	225	0	1	1	2	15	1	0	0	172
2.2555	1	0	6	6	225	6	1	1	2	15	1	0	0	172
2.2615	1	0	2	2	226	2	1	1	1	15	1	0	26	1862
2.2725	1	0	1	1	227	3	1	1	1	15	1	0	28	2037
2.2785	1	0	8	8	227	9	1	1	3	15	1	0	0	260
2.2825	1	0	9	9	228	3	1	1	1	15	1	0	8	428
2.2825	1	0	4	4	228	3	1	2	1	15	1	0	26	1862
2.2845	1	0	7	7	228	5	1	1	2	15	1	0	2	274
2.2995	1	0	3	3	230	0	1	1	1	15	1	0	24	1642
2.3015	1	0	10	10	230	2	1	1	2	15	1	0	0	172
2.3015	1	0	5	5	230	2	1	3	2	15	1	0	2	274
2.3095	1	0	6	6	231	0	1	1	2	15	1	0	0	172
2.3155	1	0	2	2	231	6	1	1	1	15	1	0	26	1862
2.3315	1	0	1	1	233	2	1	1	1	15	1	0	26	1862
2.3415	1	0	8	8	234	2	1	1	3	15	1	0	0	260
2.3465	1	0	7	7	234	7	1	1	2	15	1	0	0	172
2.3465	1	0	4	4	234	7	1	3	1	15	1	0	28	2037
2.3535	1	0	9	9	235	4	1	1	1	15	1	0	6	318
2.3585	1	0	3	3	235	9	1	1	1	15	1	0	26	1862
2.3615	1	0	5	5	236	2	1	1	2	15	1	0	0	172
2.3655	1	0	10	10	236	6	1	1	2	15	1	0	0	172
2.3655	1	0	2	2	236	6	1	3	1	15	1	0	26	1862
2.3685	1	0	6	6	236	9	1	1	3	15	1	0	0	260
2.3825	1	0	1	1	238	3	1	1	1	15	1	0	26	1862
2.3925	1	0	8	8	239	3	1	1	2	15	1	0	0	172
2.4005	1	0	4	4	240	1	1	1	1	15	1	0	26	1862
2.4015	1	0	9	9	240	2	1	1	1	15	1	0	4	216
2.4035	1	0	7	7	240	4	1	1	2	15	1	0	0	172
2.4125	1	0	3	3	241	3	1	1	1	15	1	0	22	1423
2.4165	1	0	6	6	241	7	1	1	3	15	1	0	0	260
2.4175	1	0	5	5	241	8	1	1	2	15	1	0	2	274
