% time(s)	cellId	bwpId	IMSI	RNTI	frame	sframe	slot	symStart	numSym	harqId	ndi	rv	mcs	tbSize
0.0205	1	0	7	7	2	1	1	1	2	15	1	0	0	172
0.0215	1	0	6	6	2	2	1	1	2	15	1	0	0	172
0.022	1	0	6	6	2	3	0	1	1	14	1	0	0	84
0.0255	1	0	1	1	2	6	1	1	2	15	1	0	0	172
0.0365	1	0	5	5	3	7	1	1	2	15	1	0	0	172
0.0365	1	0	2	2	3	7	1	3	3	15	1	0	0	260
0.0415	1	0	9	9	4	2	1	1	2	15	1	0	0	172
0.0435	1	0	8	8	4	4	1	1	2	15	1	0	0	172
0.0465	1	0	4	4	4	7	1	1	2	15	1	0	0	172
0.0645	1	0	3	3	6	5	1	1	3	15	1	0	0	260
0.0735	1	0	6	6	7	4	1	1	1	15	1	0	6	318
0.0755	1	0	1	1	7	6	1	1	1	15	1	0	26	1862
0.0765	1	0	10	10	7	7	1	1	2	15	1	0	0	172
0.0775	1	0	7	7	7	8	1	1	1	15	1	0	4	216
0.0935	1	0	5	5	9	4	1	1	1	15	1	0	6	318
0.0955	1	0	8	8	9	6	1	1	2	15	1	0	2	274
0.1005	1	0	9	9	10	1	1	1	3	15	1	0	0	260
0.1055	1	0	2	2	10	6	1	1	1	15	1	0	26	1862
0.1095	1	0	4	4	11	0	1	1	1	15	1	0	13	699
0.1105	1	0	3	3	11	1	1	1	1	15	1	0	8	428
0.1275	1	0	7	7	12	8	1	1	1	15	1	0	18	1006
0.1275	1	0	1	1	12	8	1	2	1	15	1	0	26	1862
0.133	1	0	6	6	13	4	0	1	1	15	1	0	6	318
0.1415	1	0	10	10	14	2	1	1	3	15	1	0	0	260
0.1525	1	0	8	8	15	3	1	1	2	15	1	0	2	274
0.1525	1	0	5	5	15	3	1	3	1	15	1	0	8	428
0.1605	1	0	2	2	16	1	1	1	1	15	1	0	26	1862
0.1635	1	0	9	9	16	4	1	1	1	15	1	0	6	318
0.1665	1	0	4	4	16	7	1	1	1	15	1	0	22	1423
0.172	1	0	3	3	17	3	0	1	1	15	1	0	20	1203
0.1875	1	0	6	6	18	8	1	1	1	15	1	0	8	428
0.1875	1	0	1	1	18	8	1	2	1	15	1	0	26	1862
0.1945	1	0	10	10	19	5	1	1	2	15	1	0	0	172
0.1985	1	0	7	7	19	9	1	1	1	15	1	0	15	874
0.2105	1	0	2	2	21	1	1	1	1	15	1	0	26	1862
0.2115	1	0	5	5	21	2	1	1	1	15	1	0	6	318
0.2235	1	0	9	9	22	4	1	1	1	15	1	0	11	538
0.2275	1	0	4	4	22	8	1	1	1	15	1	0	20	1203
0.2275	1	0	3	3	22	8	1	2	1	15	1	0	26	1862
0.233	1	0	8	8	23	4	0	1	1	15	1	0	4	216
0.2335	1	0	6	6	23	4	1	1	1	15	1	0	4	216
0.2455	1	0	1	1	24	6	1	1	1	15	1	0	26	1862
0.2525	1	0	10	10	25	3	1	1	2	15	1	0	0	172
0.2615	1	0	5	5	26	2	1	1	1	15	1	0	6	318
0.2665	1	0	2	2	26	7	1	1	1	15	1	0	26	1862
0.2775	1	0	7	7	27	8	1	1	1	15	1	0	15	874
0.2775	1	0	3	3	27	8	1	2	1	15	1	0	24	1642
0.2875	1	0	4	4	28	8	1	1	1	15	1	0	28	2037
0.2945	1	0	1	1	29	5	1	1	1	15	1	0	26	1862
0.2975	1	0	9	9	29	8	1	1	1	15	1	0	15	874
0.2995	1	0	10	10	30	0	1	1	2	15	1	0	0	172
0.2995	1	0	6	6	30	0	1	3	1	15	1	0	4	216
0.3005	1	0	8	8	30	1	1	1	2	15	1	0	2	274
0.3185	1	0	5	5	31	9	1	1	1	15	1	0	8	428
0.3275	1	0	3	3	32	8	1	1	1	15	1	0	24	1642
0.3315	1	0	7	7	33	2	1	1	1	15	1	0	15	874
0.3455	1	0	4	4	34	6	1	1	1	15	1	0	26	1862
0.3475	1	0	8	8	34	8	1	1	1	15	1	0	6	318
0.3475	1	0	1	1	34	8	1	2	1	15	1	0	26	1862
0.3525	1	0	2	2	35	3	1	1	1	15	1	0	26	1862
0.3565	1	0	6	6	35	7	1	1	2	15	1	0	0	172
0.3595	1	0	9	9	36	0	1	1	1	15	1	0	20	1203
0.365	1	0	5	5	36	6	0	1	1	15	1	0	6	318
0.3655	1	0	10	10	36	6	1	1	3	15	1	0	0	260
0.3815	1	0	3	3	38	2	1	1	1	15	1	0	13	699
0.3955	1	0	7	7	39	6	1	1	1	15	1	0	24	1642
0.4055	1	0	8	8	40	6	1	1	1	15	1	0	8	428
0.4055	1	0	6	6	40	6	1	2	1	15	1	0	4	216
0.4075	1	0	4	4	40	8	1	1	1	15	1	0	28	2037
0.4075	1	0	2	2	40	8	1	2	1	15	1	0	26	1862
0.4135	1	0	1	1	41	4	1	1	1	15	1	0	26	1862
0.4145	1	0	5	5	41	5	1	1	1	15	1	0	11	538
0.4155	1	0	10	10	41	6	1	1	3	15	1	0	0	260
0.4155	1	0	9	9	41	6	1	4	1	15	1	0	18	1006
0.4505	1	0	3	3	45	1	1	1	1	15	1	0	13	699
0.4565	1	0	7	7	45	7	1	1	1	15	1	0	24	1642
0.462	1	0	4	4	46	3	0	1	1	15	1	0	26	1862
0.4685	1	0	2	2	46	9	1	1	1	15	1	0	26	1862
0.4705	1	0	9	9	47	1	1	1	1	15	1	0	8	428
0.4705	1	0	6	6	47	1	1	2	1	15	1	0	4	216
0.4715	1	0	8	8	47	2	1	1	1	15	1	0	6	318
0.4715	1	0	5	5	47	2	1	2	1	15	1	0	8	428
0.4835	1	0	1	1	48	4	1	1	1	15	1	0	26	1862
0.4875	1	0	10	10	48	8	1	1	2	15	1	0	0	172
0.5105	1	0	7	7	51	1	1	1	1	15	1	0	24	1642
0.5115	1	0	3	3	51	2	1	1	1	15	1	0	26	1862
0.5165	1	0	2	2	51	7	1	1	1	15	1	0	26	1862
0.5205	1	0	6	6	52	1	1	1	1	15	1	0	4	216
0.5275	1	0	5	5	52	8	1	1	1	15	1	0	8	428
0.5305	1	0	4	4	53	1	1	1	1	15	1	0	26	1862
0.5325	1	0	9	9	53	3	1	1	1	15	1	0	6	318
0.5335	1	0	8	8	53	4	1	1	1	15	1	0	6	318
0.5375	1	0	1	1	53	8	1	1	1	15	1	0	26	1862
0.5515	1	0	10	10	55	2	1	1	3	15	1	0	2	413
0.5695	1	0	7	7	57	0	1	1	1	15	1	0	24	1642
0.575	1	0	3	3	57	6	0	1	1	15	1	0	26	1862
0.578	1	0	2	2	57	9	0	1	1	15	1	0	26	1862
0.5795	1	0	6	6	58	0	1	1	1	15	1	0	4	216
0.5845	1	0	1	1	58	5	1	1	1	15	1	0	26	1862
0.5855	1	0	4	4	58	6	1	1	1	15	1	0	28	2037
0.5885	1	0	5	5	58	9	1	1	1	15	1	0	11	538
0.5995	1	0	9	9	60	0	1	1	1	15	1	0	22	1423
0.6085	1	0	10	10	60	9	1	1	2	15	1	0	2	274
0.6085	1	0	8	8	60	9	1	3	1	15	1	0	11	538
0.6235	1	0	7	7	62	4	1	1	1	15	1	0	22	1423
0.6255	1	0	6	6	62	6	1	1	2	15	1	0	4	435
0.6375	1	0	1	1	63	8	1	1	1	15	1	0	26	1862
0.6385	1	0	3	3	63	9	1	1	1	15	1	0	26	1862
0.6455	1	0	2	2	64	6	1	1	1	15	1	0	26	1862
0.6465	1	0	5	5	64	7	1	1	1	15	1	0	11	538
0.6495	1	0	4	4	65	0	1	1	1	15	1	0	28	2037
0.655	1	0	10	10	65	6	0	1	1	15	1	0	4	216
0.658	1	0	9	9	65	9	0	1	1	15	1	0	18	1006
0.6795	1	0	7	7	68	0	1	1	1	15	1	0	22	1423
0.6805	1	0	6	6	68	1	1	1	2	15	1	0	2	274
0.6895	1	0	8	8	69	0	1	1	1	15	1	0	13	699
0.6965	1	0	2	2	69	7	1	1	1	15	1	0	26	1862
0.6975	1	0	1	1	69	8	1	1	1	15	1	0	26	1862
0.7015	1	0	3	3	70	2	1	1	1	15	1	0	26	1862
0.7035	1	0	9	9	70	4	1	1	1	15	1	0	18	1006
0.7115	1	0	4	4	71	2	1	1	1	15	1	0	28	2037
0.7185	1	0	10	10	71	9	1	1	1	15	1	0	8	428
0.7205	1	0	5	5	72	1	1	1	1	15	1	0	11	538
0.7375	1	0	7	7	73	8	1	1	1	15	1	0	20	1203
0.7405	1	0	2	2	74	1	1	1	1	15	1	0	26	1862
0.7475	1	0	6	6	74	8	1	1	2	15	1	0	2	274
0.7575	1	0	4	4	75	8	1	1	1	15	1	0	28	2037
0.7615	1	0	3	3	76	2	1	1	1	15	1	0	24	1642
0.7625	1	0	9	9	76	3	1	1	1	15	1	0	13	699
0.7685	1	0	8	8	76	9	1	1	1	15	1	0	20	1203
0.7755	1	0	10	10	77	6	1	1	1	15	1	0	11	538
0.7755	1	0	1	1	77	6	1	2	1	15	1	0	26	1862
0.7815	1	0	5	5	78	2	1	1	1	15	1	0	11	538
0.7965	1	0	7	7	79	7	1	1	1	15	1	0	20	1203
0.7985	1	0	6	6	79	9	1	1	1	15	1	0	2	135
0.8025	1	0	2	2	80	3	1	1	1	15	1	0	26	1862
0.8075	1	0	9	9	80	8	1	1	1	15	1	0	13	699
0.8185	1	0	4	4	81	9	1	1	1	15	1	0	28	2037
0.8205	1	0	3	3	82	1	1	1	1	15	1	0	26	1862
0.8225	1	0	8	8	82	3	1	1	1	15	1	0	18	1006
0.8295	1	0	10	10	83	0	1	1	1	15	1	0	11	538
0.8365	1	0	5	5	83	7	1	1	1	15	1	0	13	699
0.8365	1	0	1	1	83	7	1	2	1	15	1	0	26	1862
0.8475	1	0	7	7	84	8	1	1	1	15	1	0	18	1006
0.8535	1	0	2	2	85	4	1	1	1	15	1	0	26	1862
0.8555	1	0	6	6	85	6	1	1	1	15	1	0	4	216
0.8615	1	0	9	9	86	2	1	1	1	15	1	0	11	538
0.8715	1	0	4	4	87	2	1	1	1	15	1	0	28	2037
0.8855	1	0	8	8	88	6	1	1	1	15	1	0	18	1006
0.8865	1	0	3	3	88	7	1	1	1	15	1	0	26	1862
0.8885	1	0	10	10	88	9	1	1	1	15	1	0	11	538
0.892	1	0	5	5	89	3	0	1	1	15	1	0	13	699
0.8975	1	0	7	7	89	8	1	1	1	15	1	0	8	428
0.9045	1	0	6	6	90	5	1	1	1	15	1	0	8	428
0.9115	1	0	1	1	91	2	1	1	1	15	1	0	26	1862
0.9175	1	0	2	2	91	8	1	1	1	15	1	0	26	1862
0.9205	1	0	9	9	92	1	1	1	1	15	1	0	18	1006
0.9305	1	0	4	4	93	1	1	1	1	15	1	0	28	2037
0.9425	1	0	8	8	94	3	1	1	1	15	1	0	15	874
0.9435	1	0	10	10	94	4	1	1	1	15	1	0	8	428
0.9525	1	0	7	7	95	3	1	1	1	15	1	0	18	1006
0.9525	1	0	5	5	95	3	1	2	1	15	1	0	11	538
0.9525	1	0	3	3	95	3	1	3	1	15	1	0	26	1862
0.9655	1	0	6	6	96	6	1	1	1	15	1	0	4	216
0.9685	1	0	1	1	96	9	1	1	1	15	1	0	26	1862
0.9705	1	0	2	2	97	1	1	1	1	15	1	0	26	1862
0.9805	1	0	9	9	98	1	1	1	1	15	1	0	18	1006
0.9995	1	0	10	10	100	0	1	1	1	15	1	0	8	428
1.0045	1	0	4	4	100	5	1	1	1	15	1	0	22	1423
1.0085	1	0	5	5	100	9	1	1	2	15	1	0	2	274
1.0085	1	0	3	3	100	9	1	3	1	15	1	0	22	1423
1.0095	1	0	7	7	101	0	1	1	2	15	1	0	2	274
1.0145	1	0	6	6	101	5	1	1	1	15	1	0	4	216
1.0165	1	0	8	8	101	7	1	1	1	15	1	0	13	699
1.0205	1	0	2	2	102	1	1	1	1	15	1	0	26	1862
1.0275	1	0	1	1	102	8	1	1	1	15	1	0	26	1862
1.0325	1	0	9	9	103	3	1	1	1	15	1	0	18	1006
1.0535	1	0	10	10	105	4	1	1	1	15	1	0	11	538
1.0545	1	0	5	5	105	5	1	1	1	15	1	0	2	135
1.0595	1	0	7	7	106	0	1	1	1	15	1	0	15	874
1.0655	1	0	3	3	106	6	1	1	1	15	1	0	18	1006
1.0685	1	0	4	4	106	9	1	1	1	15	1	0	26	1862
1.0695	1	0	8	8	107	0	1	1	1	15	1	0	13	699
1.0705	1	0	6	6	107	1	1	1	1	15	1	0	2	135
1.0805	1	0	2	2	108	1	1	1	1	15	1	0	28	2037
1.0825	1	0	1	1	108	3	1	1	1	15	1	0	28	2037
1.0875	1	0	9	9	108	8	1	1	1	15	1	0	13	699
1.1035	1	0	7	7	110	4	1	1	1	15	1	0	15	874
1.1035	1	0	5	5	110	4	1	2	1	15	1	0	4	216
1.1165	1	0	10	10	111	7	1	1	1	15	1	0	13	699
1.1205	1	0	6	6	112	1	1	1	1	15	1	0	6	318
1.1265	1	0	8	8	112	7	1	1	1	15	1	0	4	216
1.1285	1	0	4	4	112	9	1	1	1	15	1	0	28	2037
1.1315	1	0	3	3	113	2	1	1	1	15	1	0	24	1642
1.137	1	0	1	1	113	8	0	1	1	15	1	0	28	2037
1.1405	1	0	9	9	114	1	1	1	1	15	1	0	8	428
1.1475	1	0	2	2	114	8	1	1	1	15	1	0	28	2037
1.1575	1	0	5	5	115	8	1	1	1	15	1	0	4	216
1.1705	1	0	6	6	117	1	1	1	1	15	1	0	4	216
1.1715	1	0	10	10	117	2	1	1	1	15	1	0	15	874
1.1825	1	0	8	8	118	3	1	1	1	15	1	0	4	216
1.1855	1	0	3	3	118	6	1	1	1	15	1	0	13	699
1.1885	1	0	4	4	118	9	1	1	1	15	1	0	28	2037
1.1915	1	0	7	7	119	2	1	1	1	15	1	0	13	699
1.1915	1	0	1	1	119	2	1	2	1	15	1	0	28	2037
1.1935	1	0	9	9	119	4	1	1	1	15	1	0	13	699
1.2095	1	0	5	5	121	0	1	1	1	15	1	0	8	428
1.2155	1	0	2	2	121	6	1	1	1	15	1	0	28	2037
1.2235	1	0	6	6	122	4	1	1	2	15	1	0	2	274
1.2275	1	0	10	10	122	8	1	1	1	15	1	0	11	538
1.2405	1	0	9	9	124	1	1	1	1	15	1	0	13	699
1.2405	1	0	1	1	124	1	1	2	1	15	1	0	28	2037
1.2425	1	0	3	3	124	3	1	1	1	15	1	0	13	699
1.2545	1	0	4	4	125	5	1	1	1	15	1	0	28	2037
1.2575	1	0	5	5	125	8	1	1	1	15	1	0	8	428
1.2645	1	0	8	8	126	5	1	1	2	15	1	0	4	435
1.2675	1	0	2	2	126	8	1	1	1	15	1	0	28	2037
1.2685	1	0	7	7	126	9	1	1	1	15	1	0	13	699
1.2895	1	0	1	1	129	0	1	1	1	15	1	0	26	1862
1.2905	1	0	9	9	129	1	1	1	1	15	1	0	8	428
1.2935	1	0	10	10	129	4	1	1	1	15	1	0	8	428
1.2935	1	0	6	6	129	4	1	2	3	15	1	0	0	260
1.2975	1	0	3	3	129	8	1	1	1	15	1	0	20	1203
1.3105	1	0	4	4	131	1	1	1	1	15	1	0	28	2037
1.3145	1	0	5	5	131	5	1	1	1	15	1	0	8	428
1.3215	1	0	8	8	132	2	1	1	2	15	1	0	0	172
1.3215	1	0	7	7	132	2	1	3	1	15	1	0	13	699
1.3225	1	0	2	2	132	3	1	1	1	15	1	0	28	2037
1.3455	1	0	9	9	134	6	1	1	1	15	1	0	6	318
1.3535	1	0	10	10	135	4	1	1	1	15	1	0	6	318
1.3605	1	0	3	3	136	1	1	1	1	15	1	0	15	874
1.3615	1	0	6	6	136	2	1	1	2	15	1	0	0	172
1.3625	1	0	1	1	136	3	1	1	1	15	1	0	26	1862
1.3685	1	0	5	5	136	9	1	1	1	15	1	0	8	428
1.3685	1	0	4	4	136	9	1	2	1	15	1	0	26	1862
1.3695	1	0	7	7	137	0	1	1	1	15	1	0	8	428
1.374	1	0	8	8	137	5	0	1	2	15	1	0	0	172
1.377	1	0	2	2	137	8	0	1	1	15	1	0	28	2037
1.4045	1	0	9	9	140	5	1	1	1	15	1	0	4	216
1.4145	1	0	10	10	141	5	1	1	1	15	1	0	4	216
1.415	1	0	10	10	141	6	0	1	1	14	1	0	4	216
1.4155	1	0	6	6	141	6	1	1	2	15	1	0	0	172
1.4155	1	0	3	3	141	6	1	3	1	15	1	0	13	699
1.4265	1	0	8	8	142	7	1	1	2	15	1	0	0	172
1.4275	1	0	5	5	142	8	1	1	1	15	1	0	8	428
1.4295	1	0	2	2	143	0	1	1	1	15	1	0	28	2037
1.4305	1	0	7	7	143	1	1	1	1	15	1	0	15	874
1.4305	1	0	1	1	143	1	1	2	1	15	1	0	26	1862
1.4325	1	0	4	4	143	3	1	1	1	15	1	0	28	2037
1.4635	1	0	10	10	146	4	1	1	1	15	1	0	4	216
1.4695	1	0	3	3	147	0	1	1	1	15	1	0	11	538
1.4795	1	0	4	4	148	0	1	1	1	15	1	0	28	2037
1.4855	1	0	9	9	148	6	1	1	1	15	1	0	4	216
1.4865	1	0	6	6	148	7	1	1	2	15	1	0	0	172
1.4875	1	0	5	5	148	8	1	1	1	15	1	0	8	428
1.4895	1	0	8	8	149	0	1	1	4	15	1	0	0	348
1.4895	1	0	2	2	149	0	1	5	1	15	1	0	24	1642
1.4895	1	0	1	1	149	0	1	6	1	15	1	0	26	1862
1.4955	1	0	7	7	149	6	1	1	1	15	1	0	18	1006
1.5295	1	0	10	10	153	0	1	1	2	15	1	0	2	274
1.5345	1	0	9	9	153	5	1	1	1	15	1	0	8	428
1.5385	1	0	6	6	153	9	1	1	2	15	1	0	0	172
1.5395	1	0	4	4	154	0	1	1	1	15	1	0	28	2037
1.5405	1	0	2	2	154	1	1	1	1	15	1	0	26	1862
1.5445	1	0	5	5	154	5	1	1	1	15	1	0	6	318
1.5475	1	0	8	8	154	8	1	1	2	15	1	0	0	172
1.5555	1	0	3	3	155	6	1	1	1	15	1	0	20	1203
1.5565	1	0	1	1	155	7	1	1	1	15	1	0	26	1862
1.5645	1	0	7	7	156	5	1	1	1	15	1	0	18	1006
1.5895	1	0	4	4	159	0	1	1	1	15	1	0	28	2037
1.5905	1	0	10	10	159	1	1	1	2	15	1	0	2	274
1.5935	1	0	9	9	159	4	1	1	1	15	1	0	8	428
1.5935	1	0	8	8	159	4	1	2	2	15	1	0	0	172
1.599	1	0	6	6	160	0	0	1	4	15	1	0	0	348
1.602	1	0	5	5	160	3	0	1	1	15	1	0	8	428
1.6025	1	0	2	2	160	3	1	1	1	15	1	0	26	1862
1.6135	1	0	3	3	161	4	1	1	1	15	1	0	24	1642
1.6145	1	0	1	1	161	5	1	1	1	15	1	0	26	1862
1.6155	1	0	7	7	161	6	1	1	1	15	1	0	20	1203
1.6435	1	0	9	9	164	4	1	1	2	15	1	0	0	172
1.6445	1	0	10	10	164	5	1	1	1	15	1	0	2	135
1.6465	1	0	4	4	164	7	1	1	1	15	1	0	28	2037
1.6475	1	0	8	8	164	8	1	1	2	15	1	0	0	172
1.6535	1	0	6	6	165	4	1	1	3	15	1	0	0	260
1.6535	1	0	5	5	165	4	1	4	1	15	1	0	11	538
1.6625	1	0	2	2	166	3	1	1	1	15	1	0	26	1862
1.6645	1	0	1	1	166	5	1	1	1	15	1	0	28	2037
1.6655	1	0	3	3	166	6	1	1	1	15	1	0	20	1203
1.6675	1	0	7	7	166	8	1	1	1	15	1	0	8	428
1.6945	1	0	9	9	169	5	1	1	1	15	1	0	6	318
1.6955	1	0	10	10	169	6	1	1	1	15	1	0	6	318
1.7015	1	0	8	8	170	2	1	1	2	15	1	0	0	172
1.7015	1	0	4	4	170	2	1	3	1	15	1	0	28	2037
1.7155	1	0	6	6	171	6	1	1	3	15	1	0	0	260
1.7225	1	0	5	5	172	3	1	1	1	15	1	0	6	318
1.7235	1	0	2	2	172	4	1	1	1	15	1	0	28	2037
1.7255	1	0	7	7	172	6	1	1	1	15	1	0	15	874
1.7285	1	0	1	1	172	9	1	1	1	15	1	0	26	1862
1.7435	1	0	3	3	174	4	1	1	1	15	1	0	18	1006
1.7545	1	0	9	9	175	5	1	1	1	15	1	0	13	699
1.7545	1	0	4	4	175	5	1	2	1	15	1	0	26	1862
1.7565	1	0	10	10	175	7	1	1	1	15	1	0	8	428
1.7585	1	0	8	8	175	9	1	1	3	15	1	0	0	260
1.7775	1	0	5	5	177	8	1	1	1	15	1	0	13	699
1.7785	1	0	6	6	177	9	1	1	2	15	1	0	0	172
1.783	1	0	2	2	178	4	0	1	1	15	1	0	28	2037
1.783	1	0	1	1	178	4	0	2	1	15	1	0	28	2037
1.7875	1	0	7	7	178	8	1	1	1	15	1	0	13	699
1.8045	1	0	9	9	180	5	1	1	1	15	1	0	6	318
1.8045	1	0	3	3	180	5	1	2	1	15	1	0	18	1006
1.8065	1	0	4	4	180	7	1	1	1	15	1	0	24	1642
1.8165	1	0	10	10	181	7	1	1	1	15	1	0	11	538
1.8175	1	0	8	8	181	8	1	1	2	15	1	0	0	172
1.8295	1	0	6	6	183	0	1	1	2	15	1	0	0	172
1.8305	1	0	5	5	183	1	1	1	1	15	1	0	11	538
1.8315	1	0	7	7	183	2	1	1	1	15	1	0	13	699
1.8335	1	0	2	2	183	4	1	1	1	15	1	0	28	2037
1.8405	1	0	1	1	184	1	1	1	1	15	1	0	28	2037
1.8605	1	0	3	3	186	1	1	1	1	15	1	0	15	874
1.8645	1	0	4	4	186	5	1	1	1	15	1	0	26	1862
1.8665	1	0	8	8	186	7	1	1	2	15	1	0	0	172
1.8745	1	0	9	9	187	5	1	1	1	15	1	0	8	428
1.8775	1	0	6	6	187	8	1	1	2	15	1	0	2	274
1.8785	1	0	10	10	187	9	1	1	1	15	1	0	13	699
1.8865	1	0	7	7	188	7	1	1	1	15	1	0	13	699
1.8905	1	0	5	5	189	1	1	1	1	15	1	0	11	538
1.8985	1	0	2	2	189	9	1	1	1	15	1	0	28	2037
1.9015	1	0	1	1	190	2	1	1	1	15	1	0	28	2037
1.9155	1	0	3	3	191	6	1	1	1	15	1	0	20	1203
1.9235	1	0	4	4	192	4	1	1	1	15	1	0	28	2037
1.9345	1	0	10	10	193	5	1	1	1	15	1	0	11	538
1.9365	1	0	9	9	193	7	1	1	1	15	1	0	13	699
1.9385	1	0	6	6	193	9	1	1	3	15	1	0	2	413
1.9395	1	0	8	8	194	0	1	1	2	15	1	0	0	172
1.945	1	0	7	7	194	6	0	1	1	15	1	0	13	699
1.948	1	0	5	5	194	9	0	1	1	15	1	0	13	699
1.9515	1	0	1	1	195	2	1	1	1	15	1	0	28	2037
1.9545	1	0	2	2	195	5	1	1	1	15	1	0	26	1862
1.9655	1	0	3	3	196	6	1	1	1	15	1	0	18	1006
1.9765	1	0	4	4	197	7	1	1	1	15	1	0	26	1862
1.9835	1	0	10	10	198	4	1	1	1	15	1	0	11	538
1.9835	1	0	9	9	198	4	1	2	1	15	1	0	13	699
1.9865	1	0	6	6	198	7	1	1	4	15	1	0	0	348
1.9985	1	0	8	8	199	9	1	1	2	15	1	0	0	172
1.999	1	0	8	8	200	0	0	1	1	14	1	0	0	84
2.002	1	0	7	7	200	3	0	1	1	15	1	0	13	699
2.0075	1	0	5	5	200	8	1	1	1	15	1	0	15	874
2.0075	1	0	2	2	200	8	1	2	1	15	1	0	26	1862
2.0095	1	0	1	1	201	0	1	1	1	15	1	0	28	2037
2.0235	1	0	4	4	202	4	1	1	1	15	1	0	28	2037
2.0255	1	0	3	3	202	6	1	1	2	15	1	0	4	435
2.0425	1	0	9	9	204	3	1	1	1	15	1	0	6	318
2.0455	1	0	6	6	204	6	1	1	4	15	1	0	0	348
2.0485	1	0	8	8	204	9	1	1	2	15	1	0	0	172
2.0515	1	0	10	10	205	2	1	1	1	15	1	0	8	428
2.0515	1	0	7	7	205	2	1	2	1	15	1	0	6	318
2.0625	1	0	2	2	206	3	1	1	1	15	1	0	26	1862
2.0635	1	0	1	1	206	4	1	1	1	15	1	0	26	1862
2.0695	1	0	5	5	207	0	1	1	1	15	1	0	15	874
2.0735	1	0	4	4	207	4	1	1	1	15	1	0	28	2037
2.0855	1	0	3	3	208	6	1	1	1	15	1	0	4	216
2.0985	1	0	8	8	209	9	1	1	2	15	1	0	0	172
2.0985	1	0	6	6	209	9	1	3	3	15	1	0	0	260
2.1015	1	0	9	9	210	2	1	1	1	15	1	0	8	428
2.1075	1	0	7	7	210	8	1	1	1	15	1	0	4	216
2.1105	1	0	1	1	211	1	1	1	1	15	1	0	26	1862
2.1225	1	0	10	10	212	3	1	1	1	15	1	0	4	216
2.1245	1	0	5	5	212	5	1	1	1	15	1	0	15	874
2.1255	1	0	2	2	212	6	1	1	1	15	1	0	26	1862
2.1275	1	0	4	4	212	8	1	1	1	15	1	0	24	1642
2.1525	1	0	8	8	215	3	1	1	2	15	1	0	0	172
2.1525	1	0	6	6	215	3	1	3	3	15	1	0	0	260
2.153	1	0	8	8	215	4	0	1	1	14	1	0	0	84
2.156	1	0	9	9	215	7	0	1	1	15	1	0	13	699
2.1565	1	0	7	7	215	7	1	1	2	15	1	0	2	274
2.1595	1	0	3	3	216	0	1	1	1	15	1	0	20	1203
2.1785	1	0	2	2	217	9	1	1	1	15	1	0	26	1862
2.1785	1	0	1	1	217	9	1	2	1	15	1	0	26	1862
2.1815	1	0	5	5	218	2	1	1	1	15	1	0	13	699
2.1875	1	0	10	10	218	8	1	1	1	15	1	0	2	135
2.1985	1	0	4	4	219	9	1	1	1	15	1	0	28	2037
2.2065	1	0	6	6	220	7	1	1	2	15	1	0	0	172
2.2075	1	0	8	8	220	8	1	1	3	15	1	0	0	260
2.2085	1	0	3	3	220	9	1	1	1	15	1	0	24	1642
2.2105	1	0	7	7	221	1	1	1	1	15	1	0	4	216
2.2175	1	0	9	9	221	8	1	1	1	15	1	0	6	318
2.2265	1	0	1	1	222	7	1	1	1	15	1	0	26	1862
2.2405	1	0	2	2	224	1	1	1	1	15	1	0	26	1862
2.2415	1	0	10	10	224	2	1	1	2	15	1	0	2	274
2.2565	1	0	4	4	225	7	1	1	1	15	1	0	28	2037
2.2605	1	0	8	8	226	1	1	1	3	15	1	0	0	260
2.262	1	0	5	5	226	3	0	1	1	15	1	0	13	699
2.262	1	0	3	3	226	3	0	2	1	15	1	0	20	1203
2.2685	1	0	7	7	226	9	1	1	4	15	1	0	0	348
2.2725	1	0	6	6	227	3	1	1	2	15	1	0	0	172
2.2745	1	0	9	9	227	5	1	1	1	15	1	0	4	216
2.2805	1	0	1	1	228	1	1	1	1	15	1	0	26	1862
2.2955	1	0	2	2	229	6	1	1	1	15	1	0	26	1862
2.3045	1	0	10	10	230	5	1	1	2	15	1	0	0	172
2.3105	1	0	4	4	231	1	1	1	1	15	1	0	20	1203
2.3115	1	0	3	3	231	2	1	1	1	15	1	0	22	1423
2.3165	1	0	8	8	231	7	1	1	3	15	1	0	0	260
2.3195	1	0	5	5	232	0	1	1	1	15	1	0	11	538
2.3295	1	0	7	7	233	0	1	1	1	15	1	0	2	135
2.33	1	0	7	7	233	1	0	1	1	14	1	0	2	135
2.3365	1	0	1	1	233	7	1	1	1	15	1	0	26	1862
2.3375	1	0	6	6	233	8	1	1	2	15	1	0	0	172
2.3425	1	0	9	9	234	3	1	1	1	15	1	0	4	216
2.3475	1	0	2	2	234	8	1	1	1	15	1	0	26	1862
2.3575	1	0	10	10	235	8	1	1	4	15	1	0	0	348
2.3605	1	0	3	3	236	1	1	1	1	15	1	0	22	1423
2.3805	1	0	7	7	238	1	1	1	1	15	1	0	6	318
2.3815	1	0	5	5	238	2	1	1	1	15	1	0	13	699
2.3825	1	0	8	8	238	3	1	1	3	15	1	0	0	260
2.387	1	0	6	6	238	8	0	1	2	15	1	0	0	172
2.387	1	0	4	4	238	8	0	3	1	15	1	0	26	1862
2.3945	1	0	9	9	239	5	1	1	2	15	1	0	2	274
2.3995	1	0	1	1	240	0	1	1	1	15	1	0	26	1862
2.4105	1	0	10	10	241	1	1	1	3	15	1	0	0	260
2.4145	1	0	3	3	241	5	1	1	1	15	1	0	22	1423
2.4285	1	0	2	2	242	9	1	1	1	15	1	0	26	1862
2.4335	1	0	6	6	243	4	1	1	2	15	1	0	0	172
2.4345	1	0	8	8	243	5	1	1	3	15	1	0	0	260
2.4355	1	0	5	5	243	6	1	1	1	15	1	0	11	538
2.4405	1	0	4	4	244	1	1	1	1	15	1	0	28	2037
2.4445	1	0	9	9	244	5	1	1	2	15	1	0	2	274
2.4445	1	0	7	7	244	5	1	3	1	15	1	0	6	318
2.4545	1	0	1	1	245	5	1	1	1	15	1	0	26	1862
2.4695	1	0	10	10	247	0	1	1	2	15	1	0	0	172
2.4785	1	0	3	3	247	9	1	1	1	15	1	0	13	699
2.4785	1	0	2	2	247	9	1	2	1	15	1	0	26	1862
2.4875	1	0	8	8	248	8	1	1	2	15	1	0	0	172
2.4895	1	0	6	6	249	0	1	1	2	15	1	0	0	172
2.4915	1	0	5	5	249	2	1	1	1	15	1	0	8	428
2.4925	1	0	9	9	249	3	1	1	2	15	1	0	0	172
2.4975	1	0	4	4	249	8	1	1	1	15	1	0	28	2037
2.5085	1	0	7	7	250	9	1	1	1	15	1	0	6	318
2.5185	1	0	1	1	251	9	1	1	1	15	1	0	26	1862
2.5285	1	0	10	10	252	9	1	1	2	15	1	0	0	172
2.529	1	0	10	10	253	0	0	1	1	14	1	0	0	84
2.5325	1	0	3	3	253	3	1	1	1	15	1	0	15	874
2.5405	1	0	8	8	254	1	1	1	3	15	1	0	0	260
2.5405	1	0	2	2	254	1	1	4	1	15	1	0	26	1862
2.5435	1	0	5	5	254	4	1	1	1	15	1	0	13	699
2.5465	1	0	9	9	254	7	1	1	2	15	1	0	0	172
2.5465	1	0	4	4	254	7	1	3	1	15	1	0	28	2037
2.552	1	0	6	6	255	3	0	1	2	15	1	0	0	172
2.5615	1	0	7	7	256	2	1	1	1	15	1	0	4	216
2.5705	1	0	1	1	257	1	1	1	1	15	1	0	26	1862
2.5835	1	0	3	3	258	4	1	1	1	15	1	0	18	1006
2.5865	1	0	10	10	258	7	1	1	3	15	1	0	0	260
2.5935	1	0	2	2	259	4	1	1	1	15	1	0	26	1862
2.5975	1	0	9	9	259	8	1	1	2	15	1	0	0	172
2.598	1	0	9	9	259	9	0	1	1	14	1	0	0	84
2.5985	1	0	8	8	259	9	1	1	2	15	1	0	0	172
2.604	1	0	4	4	260	5	0	1	1	15	1	0	28	2037
2.607	1	0	5	5	260	8	0	1	1	15	1	0	8	428
2.6155	1	0	7	7	261	6	1	1	1	15	1	0	8	428
2.6225	1	0	1	1	262	3	1	1	1	15	1	0	26	1862
2.6235	1	0	6	6	262	4	1	1	2	15	1	0	0	172
2.6385	1	0	10	10	263	9	1	1	2	15	1	0	0	172
2.6515	1	0	3	3	265	2	1	1	1	15	1	0	13	699
2.6585	1	0	5	5	265	9	1	1	1	15	1	0	8	428
2.6645	1	0	9	9	266	5	1	1	2	15	1	0	0	172
2.6645	1	0	2	2	266	5	1	3	1	15	1	0	26	1862
2.6665	1	0	4	4	266	7	1	1	1	15	1	0	28	2037
2.6695	1	0	7	7	267	0	1	1	1	15	1	0	8	428
2.6705	1	0	8	8	267	1	1	1	2	15	1	0	0	172
2.6785	1	0	1	1	267	9	1	1	1	15	1	0	26	1862
2.6805	1	0	6	6	268	1	1	1	3	15	1	0	0	260
2.6885	1	0	10	10	268	9	1	1	2	15	1	0	0	172
2.7035	1	0	3	3	270	4	1	1	1	15	1	0	15	874
2.7115	1	0	2	2	271	2	1	1	1	15	1	0	26	1862
2.7145	1	0	9	9	271	5	1	1	2	15	1	0	2	274
2.7145	1	0	5	5	271	5	1	3	1	15	1	0	11	538
2.7205	1	0	4	4	272	1	1	1	1	15	1	0	28	2037
2.7245	1	0	7	7	272	5	1	1	1	15	1	0	13	699
2.7395	1	0	8	8	274	0	1	1	3	15	1	0	0	260
2.7425	1	0	1	1	274	3	1	1	1	15	1	0	26	1862
2.7465	1	0	6	6	274	7	1	1	3	15	1	0	0	260
2.7535	1	0	10	10	275	4	1	1	3	15	1	0	0	260
2.7625	1	0	5	5	276	3	1	1	1	15	1	0	4	216
2.7725	1	0	3	3	277	3	1	1	1	15	1	0	15	874
2.7765	1	0	4	4	277	7	1	1	1	15	1	0	28	2037
2.7825	1	0	9	9	278	3	1	1	3	15	1	0	0	260
2.7885	1	0	7	7	278	9	1	1	1	15	1	0	13	699
2.7985	1	0	6	6	279	9	1	1	2	15	1	0	0	172
2.799	1	0	6	6	280	0	0	1	1	14	1	0	0	84
2.8005	1	0	8	8	280	1	1	1	2	15	1	0	0	172
2.8025	1	0	2	2	280	3	1	1	1	15	1	0	26	1862
2.8105	1	0	1	1	281	1	1	1	1	15	1	0	26	1862
2.8175	1	0	10	10	281	8	1	1	2	15	1	0	0	172
2.8215	1	0	5	5	282	2	1	1	1	15	1	0	8	428
2.8265	1	0	3	3	282	7	1	1	1	15	1	0	11	538
2.8355	1	0	9	9	283	6	1	1	2	15	1	0	0	172
2.8385	1	0	4	4	283	9	1	1	1	15	1	0	26	1862
2.8495	1	0	7	7	285	0	1	1	1	15	1	0	11	538
2.8495	1	0	2	2	285	0	1	2	1	15	1	0	26	1862
2.8565	1	0	6	6	285	7	1	1	2	15	1	0	0	172
2.8575	1	0	8	8	285	8	1	1	2	15	1	0	0	172
2.8725	1	0	10	10	287	3	1	1	2	15	1	0	0	172
2.878	1	0	1	1	287	9	0	1	1	15	1	0	26	1862
2.8795	1	0	5	5	288	0	1	1	1	15	1	0	11	538
2.8865	1	0	3	3	288	7	1	1	1	15	1	0	11	538
2.8895	1	0	9	9	289	0	1	1	3	15	1	0	0	260
2.8935	1	0	4	4	289	4	1	1	1	15	1	0	28	2037
2.9005	1	0	2	2	290	1	1	1	1	15	1	0	26	1862
2.9065	1	0	7	7	290	7	1	1	1	15	1	0	6	318
2.9135	1	0	8	8	291	4	1	1	2	15	1	0	0	172
2.9205	1	0	6	6	292	1	1	1	3	15	1	0	0	260
2.926	1	0	1	1	292	7	0	1	1	15	1	0	26	1862
2.9365	1	0	9	9	293	7	1	1	3	15	1	0	0	260
2.9365	1	0	5	5	293	7	1	4	1	15	1	0	13	699
2.9375	1	0	10	10	293	8	1	1	2	15	1	0	0	172
2.9405	1	0	3	3	294	1	1	1	1	15	1	0	13	699
2.9475	1	0	4	4	294	8	1	1	1	15	1	0	28	2037
2.9635	1	0	8	8	296	4	1	1	2	15	1	0	0	172
2.9695	1	0	7	7	297	0	1	1	1	15	1	0	18	1006
2.9695	1	0	2	2	297	0	1	2	1	15	1	0	26	1862
2.9705	1	0	6	6	297	1	1	1	2	15	1	0	0	172
2.976	1	0	1	1	297	7	0	1	1	15	1	0	26	1862
2.9865	1	0	9	9	298	7	1	1	3	15	1	0	0	260
2.9905	1	0	5	5	299	1	1	1	1	15	1	0	6	318
2.9925	1	0	10	10	299	3	1	1	3	15	1	0	0	260
3.0005	1	0	3	3	300	1	1	1	1	15	1	0	15	874
3.0085	1	0	4	4	300	9	1	1	1	15	1	0	28	2037
3.0165	1	0	6	6	301	7	1	1	4	15	1	0	0	348
3.0175	1	0	8	8	301	8	1	1	2	15	1	0	0	172
3.0195	1	0	7	7	302	0	1	1	1	15	1	0	18	1006
3.023	1	0	2	2	302	4	0	1	1	15	1	0	26	1862
3.0345	1	0	1	1	303	5	1	1	1	15	1	0	26	1862
3.0495	1	0	5	5	305	0	1	1	1	15	1	0	13	699
3.0545	1	0	9	9	305	5	1	1	2	15	1	0	0	172
3.0575	1	0	10	10	305	8	1	1	3	15	1	0	0	260
3.0585	1	0	3	3	305	9	1	1	1	15	1	0	13	699
3.0615	1	0	8	8	306	2	1	1	2	15	1	0	0	172
3.0635	1	0	4	4	306	4	1	1	1	15	1	0	28	2037
3.067	1	0	6	6	306	8	0	1	2	15	1	0	0	172
3.0725	1	0	2	2	307	3	1	1	1	15	1	0	26	1862
3.0775	1	0	7	7	307	8	1	1	1	15	1	0	13	699
3.0895	1	0	1	1	309	0	1	1	1	15	1	0	26	1862
3.1075	1	0	3	3	310	8	1	1	1	15	1	0	13	699
3.1095	1	0	5	5	311	0	1	1	1	15	1	0	15	874
3.1125	1	0	9	9	311	3	1	1	3	15	1	0	0	260
3.1145	1	0	6	6	311	5	1	1	2	15	1	0	0	172
3.1165	1	0	10	10	311	7	1	1	2	15	1	0	0	172
3.122	1	0	4	4	312	3	0	1	1	15	1	0	28	2037
3.1265	1	0	8	8	312	7	1	1	2	15	1	0	0	172
3.127	1	0	8	8	312	8	0	1	1	14	1	0	0	84
3.1335	1	0	2	2	313	4	1	1	1	15	1	0	26	1862
3.1405	1	0	7	7	314	1	1	1	1	15	1	0	11	538
3.1515	1	0	1	1	315	2	1	1	1	15	1	0	26	1862
3.1525	1	0	3	3	315	3	1	1	1	15	1	0	18	1006
3.1675	1	0	5	5	316	8	1	1	1	15	1	0	18	1006
3.1695	1	0	6	6	317	0	1	1	4	15	1	0	0	348
3.1785	1	0	8	8	317	9	1	1	2	15	1	0	0	172
3.1815	1	0	4	4	318	2	1	1	1	15	1	0	28	2037
3.187	1	0	2	2	318	8	0	1	1	15	1	0	26	1862
3.1875	1	0	9	9	318	8	1	1	3	15	1	0	0	260
3.1905	1	0	10	10	319	1	1	1	2	15	1	0	0	172
3.1915	1	0	7	7	319	2	1	1	1	15	1	0	11	538
3.2085	1	0	3	3	320	9	1	1	1	15	1	0	18	1006
3.2095	1	0	1	1	321	0	1	1	1	15	1	0	26	1862
3.2335	1	0	2	2	323	4	1	1	1	15	1	0	26	1862
3.2355	1	0	9	9	323	6	1	1	3	15	1	0	0	260
3.2355	1	0	6	6	323	6	1	4	3	15	1	0	0	260
3.2395	1	0	4	4	324	0	1	1	1	15	1	0	24	1642
3.2435	1	0	7	7	324	4	1	1	1	15	1	0	11	538
3.2445	1	0	10	10	324	5	1	1	2	15	1	0	0	172
3.2445	1	0	5	5	324	5	1	3	1	15	1	0	18	1006
3.2595	1	0	8	8	326	0	1	1	3	15	1	0	0	260
3.2605	1	0	1	1	326	1	1	1	1	15	1	0	26	1862
3.2665	1	0	3	3	326	7	1	1	1	15	1	0	15	874
3.2915	1	0	4	4	329	2	1	1	1	15	1	0	28	2037
3.2935	1	0	9	9	329	4	1	1	2	15	1	0	0	172
3.2935	1	0	2	2	329	4	1	3	1	15	1	0	26	1862
3.2985	1	0	10	10	329	9	1	1	2	15	1	0	0	172
3.2995	1	0	5	5	330	0	1	1	1	15	1	0	8	428
3.3025	1	0	6	6	330	3	1	1	2	15	1	0	0	172
3.3055	1	0	7	7	330	6	1	1	1	15	1	0	8	428
3.311	1	0	8	8	331	2	0	1	3	15	1	0	0	260
3.3205	1	0	1	1	332	1	1	1	1	15	1	0	26	1862
3.3275	1	0	3	3	332	8	1	1	1	15	1	0	13	699
3.3455	1	0	9	9	334	6	1	1	3	15	1	0	0	260
3.3475	1	0	4	4	334	8	1	1	1	15	1	0	28	2037
3.3495	1	0	2	2	335	0	1	1	1	15	1	0	26	1862
3.3535	1	0	10	10	335	4	1	1	3	15	1	0	0	260
3.3565	1	0	5	5	335	7	1	1	1	15	1	0	15	874
3.3665	1	0	6	6	336	7	1	1	2	15	1	0	0	172
3.3685	1	0	8	8	336	9	1	1	2	15	1	0	0	172
3.3755	1	0	1	1	337	6	1	1	1	15	1	0	28	2037
3.3815	1	0	7	7	338	2	1	1	1	15	1	0	11	538
3.3875	1	0	3	3	338	8	1	1	1	15	1	0	6	318
3.4025	1	0	4	4	340	3	1	1	1	15	1	0	22	1423
3.4065	1	0	2	2	340	7	1	1	1	15	1	0	26	1862
3.4075	1	0	10	10	340	8	1	1	3	15	1	0	0	260
3.4185	1	0	9	9	341	9	1	1	4	15	1	0	0	348
3.4225	1	0	5	5	342	3	1	1	1	15	1	0	13	699
3.4285	1	0	6	6	342	9	1	1	3	15	1	0	0	260
3.4325	1	0	3	3	343	3	1	1	1	15	1	0	6	318
3.4325	1	0	1	1	343	3	1	2	1	15	1	0	26	1862
3.434	1	0	8	8	343	5	0	1	2	15	1	0	0	172
3.434	1	0	7	7	343	5	0	3	1	15	1	0	11	538
3.4565	1	0	4	4	345	7	1	1	1	15	1	0	18	1006
3.4645	1	0	2	2	346	5	1	1	1	15	1	0	26	1862
3.4705	1	0	9	9	347	1	1	1	2	15	1	0	0	172
3.4725	1	0	10	10	347	3	1	1	2	15	1	0	0	172
3.4825	1	0	5	5	348	3	1	1	1	15	1	0	13	699
3.4855	1	0	1	1	348	6	1	1	1	15	1	0	26	1862
3.4865	1	0	7	7	348	7	1	1	1	15	1	0	8	428
3.4875	1	0	6	6	348	8	1	1	3	15	1	0	0	260
3.4935	1	0	8	8	349	4	1	1	2	15	1	0	0	172
3.4935	1	0	3	3	349	4	1	3	1	15	1	0	15	874
3.5085	1	0	4	4	350	9	1	1	1	15	1	0	18	1006
3.5205	1	0	9	9	352	1	1	1	1	15	1	0	4	216
3.5265	1	0	2	2	352	7	1	1	1	15	1	0	26	1862
3.5335	1	0	10	10	353	4	1	1	2	15	1	0	0	172
3.5415	1	0	7	7	354	2	1	1	1	15	1	0	8	428
3.5435	1	0	5	5	354	4	1	1	1	15	1	0	11	538
3.5445	1	0	1	1	354	5	1	1	1	15	1	0	26	1862
3.5475	1	0	8	8	354	8	1	1	2	15	1	0	0	172
3.5485	1	0	3	3	354	9	1	1	1	15	1	0	13	699
3.5495	1	0	6	6	355	0	1	1	3	15	1	0	0	260
3.5645	1	0	4	4	356	5	1	1	1	15	1	0	28	2037
3.5845	1	0	9	9	358	5	1	1	1	15	1	0	6	318
3.5865	1	0	2	2	358	7	1	1	1	15	1	0	26	1862
3.5945	1	0	10	10	359	5	1	1	2	15	1	0	0	172
3.5955	1	0	5	5	359	6	1	1	1	15	1	0	13	699
3.6005	1	0	8	8	360	1	1	1	2	15	1	0	0	172
3.6015	1	0	6	6	360	2	1	1	2	15	1	0	0	172
3.6015	1	0	1	1	360	2	1	3	1	15	1	0	26	1862
3.6025	1	0	6	6	360	3	1	1	1	14	1	0	0	84
3.606	1	0	7	7	360	7	0	1	1	15	1	0	11	538
3.6185	1	0	4	4	361	9	1	1	1	15	1	0	22	1423
3.6335	1	0	3	3	363	4	1	1	1	15	1	0	13	699
3.6425	1	0	2	2	364	3	1	1	1	15	1	0	26	1862
3.6455	1	0	9	9	364	6	1	1	1	15	1	0	8	428
3.6465	1	0	5	5	364	7	1	1	1	15	1	0	13	699
3.6525	1	0	6	6	365	3	1	1	2	15	1	0	0	172
3.6595	1	0	8	8	366	0	1	1	3	15	1	0	0	260
3.6625	1	0	4	4	366	3	1	1	1	15	1	0	20	1203
3.6635	1	0	10	10	366	4	1	1	2	15	1	0	0	172
3.6635	1	0	7	7	366	4	1	3	1	15	1	0	13	699
3.6635	1	0	1	1	366	4	1	4	1	15	1	0	26	1862
3.6835	1	0	3	3	368	4	1	1	1	15	1	0	18	1006
3.6985	1	0	2	2	369	9	1	1	1	15	1	0	26	1862
3.7025	1	0	5	5	370	3	1	1	1	15	1	0	18	1006
3.7075	1	0	6	6	370	8	1	1	2	15	1	0	0	172
3.7105	1	0	9	9	371	1	1	1	1	15	1	0	6	318
3.7175	1	0	7	7	371	8	1	1	1	15	1	0	8	428
3.7185	1	0	1	1	371	9	1	1	1	15	1	0	26	1862
3.7195	1	0	10	10	372	0	1	1	2	15	1	0	0	172
3.7275	1	0	4	4	372	8	1	1	1	15	1	0	22	1423
3.7315	1	0	3	3	373	2	1	1	1	15	1	0	18	1006
3.7415	1	0	8	8	374	2	1	1	3	15	1	0	0	260
3.7545	1	0	2	2	375	5	1	1	1	15	1	0	26	1862
3.7605	1	0	9	9	376	1	1	1	1	15	1	0	6	318
3.7605	1	0	5	5	376	1	1	2	1	15	1	0	13	699
3.7645	1	0	7	7	376	5	1	1	1	15	1	0	11	538
3.7675	1	0	6	6	376	8	1	1	2	15	1	0	0	172
3.7715	1	0	10	10	377	2	1	1	2	15	1	0	0	172
3.772	1	0	10	10	377	3	0	1	1	14	1	0	0	84
3.7755	1	0	1	1	377	6	1	1	1	15	1	0	26	1862
3.777	1	0	4	4	377	8	0	1	1	15	1	0	26	1862
3.7775	1	0	3	3	377	8	1	1	1	15	1	0	15	874
3.8005	1	0	8	8	380	1	1	1	3	15	1	0	0	260
3.8025	1	0	2	2	380	3	1	1	1	15	1	0	26	1862
3.8205	1	0	7	7	382	1	1	1	1	15	1	0	11	538
3.8225	1	0	9	9	382	3	1	1	1	15	1	0	11	538
3.8275	1	0	5	5	382	8	1	1	1	15	1	0	13	699
3.8275	1	0	1	1	382	8	1	2	1	15	1	0	26	1862
3.8345	1	0	10	10	383	5	1	1	2	15	1	0	0	172
3.8365	1	0	4	4	383	7	1	1	1	15	1	0	22	1423
3.84	1	0	3	3	384	1	0	1	1	15	1	0	6	318
3.8415	1	0	6	6	384	2	1	1	3	15	1	0	0	260
3.8575	1	0	8	8	385	8	1	1	3	15	1	0	0	260
3.8575	1	0	2	2	385	8	1	4	1	15	1	0	26	1862
3.8685	1	0	7	7	386	9	1	1	1	15	1	0	15	874
3.8795	1	0	9	9	388	0	1	1	1	15	1	0	8	428
3.8875	1	0	1	1	388	8	1	1	1	15	1	0	28	2037
3.8935	1	0	6	6	389	4	1	1	2	15	1	0	0	172
3.8945	1	0	5	5	389	5	1	1	1	15	1	0	18	1006
3.8945	1	0	4	4	389	5	1	2	1	15	1	0	26	1862
3.8955	1	0	10	10	389	6	1	1	2	15	1	0	0	172
3.9055	1	0	3	3	390	6	1	1	1	15	1	0	4	216
3.9105	1	0	2	2	391	1	1	1	1	15	1	0	26	1862
3.9235	1	0	8	8	392	4	1	1	4	15	1	0	0	348
3.9265	1	0	7	7	392	7	1	1	2	15	1	0	2	274
3.9355	1	0	9	9	393	6	1	1	1	15	1	0	13	699
3.9385	1	0	1	1	393	9	1	1	1	15	1	0	28	2037
3.9425	1	0	5	5	394	3	1	1	1	15	1	0	15	874
3.9465	1	0	6	6	394	7	1	1	2	15	1	0	0	172
3.9565	1	0	10	10	395	7	1	1	2	15	1	0	0	172
3.9565	1	0	4	4	395	7	1	3	1	15	1	0	26	1862
3.9655	1	0	3	3	396	6	1	1	1	15	1	0	4	216
3.9735	1	0	2	2	397	4	1	1	1	15	1	0	26	1862
3.9775	1	0	7	7	397	8	1	1	1	15	1	0	6	318
3.9855	1	0	9	9	398	6	1	1	1	15	1	0	8	428
3.9915	1	0	8	8	399	2	1	1	2	15	1	0	0	172
3.9945	1	0	5	5	399	5	1	1	1	15	1	0	18	1006
3.9985	1	0	1	1	399	9	1	1	1	15	1	0	28	2037
4.0085	1	0	6	6	400	9	1	1	3	15	1	0	0	260
4.0105	1	0	10	10	401	1	1	1	2	15	1	0	0	172
4.0115	1	0	10	10	401	2	1	1	1	14	1	0	0	84
4.017	1	0	4	4	401	8	0	1	1	15	1	0	22	1423
4.0255	1	0	3	3	402	6	1	1	1	15	1	0	2	135
4.0275	1	0	7	7	402	8	1	1	1	15	1	0	13	699
4.0385	1	0	2	2	403	9	1	1	1	15	1	0	26	1862
4.0435	1	0	8	8	404	4	1	1	2	15	1	0	0	172
4.0435	1	0	5	5	404	4	1	3	1	15	1	0	18	1006
4.0475	1	0	9	9	404	8	1	1	1	15	1	0	11	538
4.0565	1	0	1	1	405	7	1	1	1	15	1	0	26	1862
4.0655	1	0	10	10	406	6	1	1	2	15	1	0	0	172
4.0655	1	0	6	6	406	6	1	3	2	15	1	0	0	172
4.071	1	0	4	4	407	2	0	1	1	15	1	0	28	2037
4.0765	1	0	3	3	407	7	1	1	1	15	1	0	11	538
4.0925	1	0	8	8	409	3	1	1	2	15	1	0	0	172
4.0925	1	0	7	7	409	3	1	3	1	15	1	0	6	318
4.0945	1	0	2	2	409	5	1	1	1	15	1	0	26	1862
4.098	1	0	9	9	409	9	0	1	1	15	1	0	11	538
4.1155	1	0	1	1	411	6	1	1	1	15	1	0	28	2037
4.1175	1	0	6	6	411	8	1	1	2	15	1	0	0	172
4.1215	1	0	10	10	412	2	1	1	2	15	1	0	0	172
4.127	1	0	5	5	412	8	0	1	1	15	1	0	18	1006
4.127	1	0	4	4	412	8	0	2	1	15	1	0	28	2037
4.1425	1	0	3	3	414	3	1	1	1	15	1	0	11	538
4.1445	1	0	9	9	414	5	1	1	1	15	1	0	13	699
4.1455	1	0	8	8	414	6	1	1	2	15	1	0	0	172
4.151	1	0	2	2	415	2	0	1	1	15	1	0	26	1862
4.1535	1	0	7	7	415	4	1	1	2	15	1	0	2	274
4.1715	1	0	10	10	417	2	1	1	2	15	1	0	0	172
4.1755	1	0	1	1	417	6	1	1	1	15	1	0	28	2037
4.177	1	0	6	6	417	8	0	1	2	15	1	0	0	172
4.1805	1	0	5	5	418	1	1	1	1	15	1	0	8	428
4.1915	1	0	4	4	419	2	1	1	1	15	1	0	28	2037
4.1995	1	0	3	3	420	0	1	1	1	15	1	0	8	428
4.2005	1	0	8	8	420	1	1	1	2	15	1	0	0	172
4.2045	1	0	9	9	420	5	1	1	1	15	1	0	8	428
4.2105	1	0	2	2	421	1	1	1	1	15	1	0	26	1862
4.2185	1	0	7	7	421	9	1	1	1	15	1	0	8	428
4.2275	1	0	1	1	422	8	1	1	1	15	1	0	28	2037
4.2285	1	0	10	10	422	9	1	1	3	15	1	0	0	260
4.2315	1	0	6	6	423	2	1	1	2	15	1	0	0	172
4.232	1	0	6	6	423	3	0	1	1	14	1	0	0	84
4.2425	1	0	5	5	424	3	1	1	1	15	1	0	8	428
4.2495	1	0	4	4	425	0	1	1	1	15	1	0	28	2037
4.255	1	0	3	3	425	6	0	1	1	15	1	0	11	538
4.258	1	0	8	8	425	9	0	1	2	15	1	0	0	172
4.2585	1	0	8	8	425	9	1	1	1	14	1	0	0	84
4.2615	1	0	9	9	426	2	1	1	1	15	1	0	13	699
4.2645	1	0	2	2	426	5	1	1	1	15	1	0	26	1862
4.2695	1	0	7	7	427	0	1	1	1	15	1	0	4	216
4.2755	1	0	10	10	427	6	1	1	2	15	1	0	0	172
4.2775	1	0	1	1	427	8	1	1	1	15	1	0	28	2037
4.2895	1	0	5	5	429	0	1	1	1	15	1	0	6	318
4.2905	1	0	6	6	429	1	1	1	3	15	1	0	0	260
4.3065	1	0	4	4	430	7	1	1	1	15	1	0	28	2037
4.3095	1	0	9	9	431	0	1	1	1	15	1	0	13	699
4.3125	1	0	3	3	431	3	1	1	1	15	1	0	8	428
4.318	1	0	8	8	431	9	0	1	2	15	1	0	0	172
4.3235	1	0	2	2	432	4	1	1	1	15	1	0	26	1862
4.3275	1	0	10	10	432	8	1	1	2	15	1	0	0	172
4.3365	1	0	7	7	433	7	1	1	1	15	1	0	11	538
4.3415	1	0	1	1	434	2	1	1	1	15	1	0	26	1862
4.3435	1	0	5	5	434	4	1	1	1	15	1	0	8	428
4.3545	1	0	9	9	435	5	1	1	1	15	1	0	18	1006
4.3545	1	0	4	4	435	5	1	2	1	15	1	0	28	2037
4.36	1	0	6	6	436	1	0	1	2	15	1	0	0	172
4.3605	1	0	6	6	436	1	1	1	1	14	1	0	0	84
4.3665	1	0	8	8	436	7	1	1	2	15	1	0	0	172
4.3705	1	0	3	3	437	1	1	1	1	15	1	0	13	699
4.3775	1	0	2	2	437	8	1	1	1	15	1	0	26	1862
4.3805	1	0	10	10	438	1	1	1	2	15	1	0	0	172
4.3905	1	0	1	1	439	1	1	1	1	15	1	0	26	1862
4.3925	1	0	5	5	439	3	1	1	1	15	1	0	8	428
4.3955	1	0	7	7	439	6	1	1	1	15	1	0	15	874
4.4105	1	0	6	6	441	1	1	1	3	15	1	0	0	260
4.4135	1	0	9	9	441	4	1	1	1	15	1	0	18	1006
4.4215	1	0	8	8	442	2	1	1	2	15	1	0	0	172
4.4215	1	0	4	4	442	2	1	3	1	15	1	0	28	2037
4.4215	1	0	3	3	442	2	1	4	1	15	1	0	4	216
4.422	1	0	8	8	442	3	0	1	1	14	1	0	0	84
4.4365	1	0	10	10	443	7	1	1	3	15	1	0	0	260
4.437	1	0	10	10	443	8	0	1	1	14	1	0	0	84
4.44	1	0	2	2	444	1	0	1	1	15	1	0	28	2037
4.4465	1	0	1	1	444	7	1	1	1	15	1	0	26	1862
4.4475	1	0	7	7	444	8	1	1	1	15	1	0	8	428
4.4535	1	0	5	5	445	4	1	1	1	15	1	0	6	318
4.4735	1	0	9	9	447	4	1	1	1	15	1	0	20	1203
4.4755	1	0	6	6	447	6	1	1	2	15	1	0	0	172
4.4815	1	0	8	8	448	2	1	1	2	15	1	0	0	172
4.4815	1	0	4	4	448	2	1	3	1	15	1	0	26	1862
4.4835	1	0	3	3	448	4	1	1	1	15	1	0	11	538
4.4905	1	0	10	10	449	1	1	1	2	15	1	0	0	172
4.4985	1	0	7	7	449	9	1	1	1	15	1	0	6	318
4.4985	1	0	1	1	449	9	1	2	1	15	1	0	26	1862
4.5015	1	0	2	2	450	2	1	1	1	15	1	0	26	1862
4.5045	1	0	5	5	450	5	1	1	1	15	1	0	6	318
4.5255	1	0	6	6	452	6	1	1	3	15	1	0	0	260
4.5325	1	0	3	3	453	3	1	1	1	15	1	0	8	428
4.5335	1	0	9	9	453	4	1	1	1	15	1	0	13	699
4.538	1	0	4	4	453	9	0	1	1	15	1	0	26	1862
4.5395	1	0	8	8	454	0	1	1	2	15	1	0	0	172
4.5505	1	0	10	10	455	1	1	1	2	15	1	0	0	172
4.5535	1	0	2	2	455	4	1	1	1	15	1	0	28	2037
4.5565	1	0	7	7	455	7	1	1	1	15	1	0	13	699
4.5605	1	0	1	1	456	1	1	1	1	15	1	0	26	1862
4.5615	1	0	5	5	456	2	1	1	1	15	1	0	6	318
4.5795	1	0	6	6	458	0	1	1	2	15	1	0	0	172
4.5855	1	0	9	9	458	6	1	1	1	15	1	0	8	428
4.5855	1	0	3	3	458	6	1	2	1	15	1	0	4	216
4.6015	1	0	4	4	460	2	1	1	1	15	1	0	24	1642
4.6085	1	0	7	7	460	9	1	1	1	15	1	0	13	699
4.6185	1	0	10	10	461	9	1	1	3	15	1	0	0	260
4.6195	1	0	1	1	462	0	1	1	1	15	1	0	26	1862
4.6215	1	0	5	5	462	2	1	1	1	15	1	0	4	216
4.6225	1	0	2	2	462	3	1	1	1	15	1	0	28	2037
4.6395	1	0	6	6	464	0	1	1	2	15	1	0	0	172
4.6475	1	0	9	9	464	8	1	1	1	15	1	0	13	699
4.6475	1	0	8	8	464	8	1	2	2	15	1	0	0	172
4.6495	1	0	3	3	465	0	1	1	1	15	1	0	8	428
4.6615	1	0	4	4	466	2	1	1	1	15	1	0	26	1862
4.6655	1	0	7	7	466	6	1	1	1	15	1	0	15	874
4.6735	1	0	5	5	467	4	1	1	1	15	1	0	8	428
4.6755	1	0	10	10	467	6	1	1	2	15	1	0	0	172
4.6775	1	0	2	2	467	8	1	1	1	15	1	0	28	2037
4.6795	1	0	1	1	468	0	1	1	1	15	1	0	26	1862
4.7075	1	0	9	9	470	8	1	1	1	15	1	0	8	428
4.7105	1	0	8	8	471	1	1	1	2	15	1	0	0	172
4.7115	1	0	6	6	471	2	1	1	3	15	1	0	0	260
4.7125	1	0	3	3	471	3	1	1	1	15	1	0	11	538
4.7145	1	0	4	4	471	5	1	1	1	15	1	0	26	1862
4.7295	1	0	5	5	473	0	1	1	1	15	1	0	6	318
4.7345	1	0	7	7	473	5	1	1	1	15	1	0	18	1006
4.7415	1	0	2	2	474	2	1	1	1	15	1	0	28	2037
4.7425	1	0	10	10	474	3	1	1	2	15	1	0	0	172
4.7425	1	0	1	1	474	3	1	3	1	15	1	0	28	2037
4.7575	1	0	9	9	475	8	1	1	1	15	1	0	8	428
4.7655	1	0	3	3	476	6	1	1	1	15	1	0	11	538
4.7675	1	0	4	4	476	8	1	1	1	15	1	0	28	2037
4.7685	1	0	6	6	476	9	1	1	3	15	1	0	0	260
4.774	1	0	8	8	477	5	0	1	2	15	1	0	0	172
4.7825	1	0	5	5	478	3	1	1	2	15	1	0	4	435
4.7885	1	0	2	2	478	9	1	1	1	15	1	0	28	2037
4.7935	1	0	7	7	479	4	1	1	1	15	1	0	15	874
4.8095	1	0	1	1	481	0	1	1	1	15	1	0	28	2037
4.8105	1	0	10	10	481	1	1	1	2	15	1	0	0	172
4.8125	1	0	9	9	481	3	1	1	1	15	1	0	8	428
4.8205	1	0	3	3	482	1	1	1	1	15	1	0	13	699
4.8245	1	0	8	8	482	5	1	1	2	15	1	0	0	172
4.8245	1	0	6	6	482	5	1	3	3	15	1	0	0	260
4.8265	1	0	4	4	482	7	1	1	1	15	1	0	28	2037
4.8365	1	0	5	5	483	7	1	1	1	15	1	0	4	216
4.8375	1	0	2	2	483	8	1	1	1	15	1	0	28	2037
4.8495	1	0	7	7	485	0	1	1	1	15	1	0	13	699
4.8595	1	0	10	10	486	0	1	1	3	15	1	0	0	260
4.8655	1	0	1	1	486	6	1	1	1	15	1	0	28	2037
4.8695	1	0	9	9	487	0	1	1	1	15	1	0	13	699
4.8725	1	0	3	3	487	3	1	1	1	15	1	0	13	699
4.8785	1	0	8	8	487	9	1	1	2	15	1	0	0	172
4.8805	1	0	4	4	488	1	1	1	1	15	1	0	28	2037
4.8825	1	0	6	6	488	3	1	1	3	15	1	0	0	260
4.8905	1	0	2	2	489	1	1	1	1	15	1	0	26	1862
4.8915	1	0	5	5	489	2	1	1	1	15	1	0	2	135
4.9095	1	0	10	10	491	0	1	1	2	15	1	0	0	172
4.9245	1	0	9	9	492	5	1	1	1	15	1	0	13	699
4.9265	1	0	3	3	492	7	1	1	1	15	1	0	15	874
4.9275	1	0	7	7	492	8	1	1	1	15	1	0	8	428
4.9345	1	0	8	8	493	5	1	1	2	15	1	0	0	172
4.9355	1	0	1	1	493	6	1	1	1	15	1	0	28	2037
4.9385	1	0	6	6	493	9	1	1	2	15	1	0	0	172
4.9425	1	0	5	5	494	3	1	1	1	15	1	0	4	216
4.9435	1	0	4	4	494	4	1	1	1	15	1	0	15	874
4.9645	1	0	10	10	496	5	1	1	3	15	1	0	0	260
4.9735	1	0	2	2	497	4	1	1	1	15	1	0	26	1862
4.9745	1	0	3	3	497	5	1	1	1	15	1	0	8	428
4.9825	1	0	7	7	498	3	1	1	1	15	1	0	6	318
4.9875	1	0	9	9	498	8	1	1	1	15	1	0	6	318
4.9945	1	0	8	8	499	5	1	1	2	15	1	0	0	172
4.9955	1	0	6	6	499	6	1	1	2	15	1	0	0	172
4.9955	1	0	1	1	499	6	1	3	1	15	1	0	28	2037
5.0065	1	0	5	5	500	7	1	1	1	15	1	0	4	216
5.0125	1	0	4	4	501	3	1	1	1	15	1	0	18	1006
5.0345	1	0	10	10	503	5	1	1	2	15	1	0	0	172
5.0355	1	0	3	3	503	6	1	1	1	15	1	0	15	874
5.0385	1	0	7	7	503	9	1	1	1	15	1	0	4	216
5.0425	1	0	2	2	504	3	1	1	1	15	1	0	28	2037
5.0465	1	0	6	6	504	7	1	1	2	15	1	0	0	172
5.0475	1	0	9	9	504	8	1	1	1	15	1	0	6	318
5.0545	1	0	8	8	505	5	1	1	3	15	1	0	0	260
5.06	1	0	1	1	506	1	0	1	1	15	1	0	28	2037
5.0615	1	0	4	4	506	2	1	1	1	15	1	0	26	1862
5.0705	1	0	5	5	507	1	1	1	2	15	1	0	2	274
5.0905	1	0	7	7	509	1	1	1	1	15	1	0	6	318
5.0995	1	0	10	10	510	0	1	1	2	15	1	0	0	172
5.0995	1	0	3	3	510	0	1	3	1	15	1	0	13	699
5.1055	1	0	2	2	510	6	1	1	1	15	1	0	28	2037
5.1065	1	0	8	8	510	7	1	1	2	15	1	0	0	172
5.1075	1	0	8	8	510	8	1	1	1	14	1	0	0	84
5.1075	1	0	6	6	510	8	1	2	2	15	1	0	0	172
5.112	1	0	9	9	511	3	0	1	1	15	1	0	6	318
5.1135	1	0	1	1	511	4	1	1	1	15	1	0	28	2037
5.1185	1	0	4	4	511	9	1	1	1	15	1	0	26	1862
5.1255	1	0	5	5	512	6	1	1	1	15	1	0	4	216
5.1505	1	0	7	7	515	1	1	1	1	15	1	0	4	216
5.1525	1	0	2	2	515	3	1	1	1	15	1	0	28	2037
5.1575	1	0	3	3	515	8	1	1	1	15	1	0	8	428
5.1595	1	0	10	10	516	0	1	1	3	15	1	0	0	260
5.1655	1	0	6	6	516	6	1	1	2	15	1	0	0	172
5.1665	1	0	8	8	516	7	1	1	2	15	1	0	0	172
5.1675	1	0	8	8	516	8	1	1	1	14	1	0	0	84
5.1695	1	0	9	9	517	0	1	1	1	15	1	0	6	318
5.1765	1	0	1	1	517	7	1	1	1	15	1	0	28	2037
5.1825	1	0	4	4	518	3	1	1	1	15	1	0	28	2037
5.1845	1	0	5	5	518	5	1	1	1	15	1	0	4	216
5.2025	1	0	2	2	520	3	1	1	1	15	1	0	28	2037
5.2075	1	0	10	10	520	8	1	1	3	15	1	0	0	260
5.2115	1	0	7	7	521	2	1	1	1	15	1	0	6	318
5.2135	1	0	3	3	521	4	1	1	1	15	1	0	18	1006
5.2145	1	0	6	6	521	5	1	1	3	15	1	0	0	260
5.2165	1	0	8	8	521	7	1	1	3	15	1	0	0	260
5.2295	1	0	4	4	523	0	1	1	1	15	1	0	28	2037
5.2295	1	0	1	1	523	0	1	2	1	15	1	0	28	2037
5.2315	1	0	9	9	523	2	1	1	1	15	1	0	13	699
5.2395	1	0	5	5	524	0	1	1	2	15	1	0	4	435
5.2555	1	0	10	10	525	6	1	1	3	15	1	0	0	260
5.2565	1	0	2	2	525	7	1	1	1	15	1	0	26	1862
5.2695	1	0	3	3	527	0	1	1	1	15	1	0	13	699
5.2705	1	0	8	8	527	1	1	1	3	15	1	0	0	260
5.2705	1	0	6	6	527	1	1	4	2	15	1	0	0	172
5.2775	1	0	9	9	527	8	1	1	1	15	1	0	8	428
5.2805	1	0	4	4	528	1	1	1	1	15	1	0	28	2037
5.2825	1	0	7	7	528	3	1	1	1	15	1	0	6	318
5.2875	1	0	1	1	528	8	1	1	1	15	1	0	28	2037
5.3015	1	0	5	5	530	2	1	1	2	15	1	0	2	274
5.3095	1	0	10	10	531	0	1	1	3	15	1	0	0	260
5.3095	1	0	2	2	531	0	1	4	1	15	1	0	28	2037
5.3225	1	0	3	3	532	3	1	1	1	15	1	0	15	874
5.3245	1	0	8	8	532	5	1	1	3	15	1	0	0	260
5.3245	1	0	6	6	532	5	1	4	2	15	1	0	0	172
5.3315	1	0	4	4	533	2	1	1	1	15	1	0	28	2037
5.3335	1	0	9	9	533	4	1	1	1	15	1	0	8	428
5.3395	1	0	7	7	534	0	1	1	1	15	1	0	4	216
5.3445	1	0	1	1	534	5	1	1	1	15	1	0	26	1862
5.3585	1	0	2	2	535	9	1	1	1	15	1	0	24	1642
5.3795	1	0	10	10	538	0	1	1	2	15	1	0	0	172
5.3815	1	0	9	9	538	2	1	1	1	15	1	0	6	318
5.3815	1	0	5	5	538	2	1	2	2	15	1	0	2	274
5.3835	1	0	8	8	538	4	1	1	3	15	1	0	0	260
5.3835	1	0	6	6	538	4	1	4	3	15	1	0	0	260
5.3835	1	0	3	3	538	4	1	7	1	15	1	0	18	1006
5.389	1	0	4	4	539	0	0	1	1	15	1	0	28	2037
5.392	1	0	7	7	539	3	0	1	1	15	1	0	11	538
5.3965	1	0	1	1	539	7	1	1	1	15	1	0	26	1862
5.4145	1	0	2	2	541	5	1	1	1	15	1	0	24	1642
5.4375	1	0	8	8	543	8	1	1	4	15	1	0	0	348
5.4375	1	0	6	6	543	8	1	5	2	15	1	0	0	172
5.438	1	0	6	6	543	9	0	1	1	14	1	0	0	84
5.4385	1	0	10	10	543	9	1	1	3	15	1	0	0	260
5.4395	1	0	3	3	544	0	1	1	1	15	1	0	8	428
5.444	1	0	9	9	544	5	0	1	1	15	1	0	4	216
5.4495	1	0	7	7	545	0	1	1	1	15	1	0	18	1006
5.4525	1	0	5	5	545	3	1	1	2	15	1	0	0	172
5.4525	1	0	4	4	545	3	1	3	1	15	1	0	28	2037
5.4595	1	0	1	1	546	0	1	1	1	15	1	0	26	1862
5.4885	1	0	2	2	548	9	1	1	1	15	1	0	24	1642
5.4905	1	0	10	10	549	1	1	1	2	15	1	0	0	172
5.496	1	0	8	8	549	7	0	1	4	15	1	0	0	348
5.5005	1	0	6	6	550	1	1	1	3	15	1	0	0	260
5.5025	1	0	9	9	550	3	1	1	2	15	1	0	0	172
5.504	1	0	9	9	550	5	0	1	1	14	1	0	0	84
5.5045	1	0	5	5	550	5	1	1	1	15	1	0	4	216
5.506	1	0	7	7	550	7	0	1	1	15	1	0	15	874
5.5115	1	0	3	3	551	2	1	1	1	15	1	0	13	699
5.5125	1	0	1	1	551	3	1	1	1	15	1	0	26	1862
5.5135	1	0	4	4	551	4	1	1	1	15	1	0	26	1862
5.5465	1	0	2	2	554	7	1	1	1	15	1	0	24	1642
5.5525	1	0	8	8	555	3	1	1	2	15	1	0	0	172
5.5545	1	0	9	9	555	5	1	1	2	15	1	0	2	274
5.5565	1	0	10	10	555	7	1	1	3	15	1	0	0	260
5.5585	1	0	6	6	555	9	1	1	3	15	1	0	0	260
5.562	1	0	5	5	556	3	0	1	1	15	1	0	4	216
5.565	1	0	7	7	556	6	0	1	1	15	1	0	11	538
5.568	1	0	3	3	556	9	0	1	1	15	1	0	18	1006
5.5685	1	0	1	1	556	9	1	1	1	15	1	0	26	1862
5.5735	1	0	4	4	557	4	1	1	1	15	1	0	24	1642
5.6015	1	0	8	8	560	2	1	1	3	15	1	0	0	260
5.6055	1	0	2	2	560	6	1	1	1	15	1	0	24	1642
5.6085	1	0	9	9	560	9	1	1	4	15	1	0	0	348
5.6155	1	0	10	10	561	6	1	1	2	15	1	0	0	172
5.6175	1	0	6	6	561	8	1	1	3	15	1	0	0	260
5.6235	1	0	7	7	562	4	1	1	1	15	1	0	6	318
5.6255	1	0	5	5	562	6	1	1	1	15	1	0	6	318
5.6265	1	0	3	3	562	7	1	1	1	15	1	0	8	428
5.6285	1	0	1	1	562	9	1	1	1	15	1	0	28	2037
5.6465	1	0	4	4	564	7	1	1	1	15	1	0	28	2037
5.6605	1	0	2	2	566	1	1	1	1	15	1	0	24	1642
5.6625	1	0	8	8	566	3	1	1	2	15	1	0	0	172
5.6705	1	0	6	6	567	1	1	1	2	15	1	0	0	172
5.6715	1	0	10	10	567	2	1	1	3	15	1	0	0	260
5.676	1	0	9	9	567	7	0	1	2	15	1	0	0	172
5.676	1	0	7	7	567	7	0	3	1	15	1	0	13	699
5.6795	1	0	5	5	568	0	1	1	2	15	1	0	2	274
5.6895	1	0	3	3	569	0	1	1	1	15	1	0	18	1006
5.6895	1	0	1	1	569	0	1	2	1	15	1	0	26	1862
5.7055	1	0	4	4	570	6	1	1	1	15	1	0	24	1642
5.7175	1	0	2	2	571	8	1	1	1	15	1	0	24	1642
5.7185	1	0	8	8	571	9	1	1	2	15	1	0	0	172
5.7215	1	0	10	10	572	2	1	1	2	15	1	0	0	172
5.7245	1	0	6	6	572	5	1	1	2	15	1	0	0	172
5.7255	1	0	5	5	572	6	1	1	2	15	1	0	0	172
5.7285	1	0	9	9	572	9	1	1	3	15	1	0	0	260
5.7305	1	0	7	7	573	1	1	1	2	15	1	0	2	274
5.7465	1	0	1	1	574	7	1	1	1	15	1	0	26	1862
5.7475	1	0	3	3	574	8	1	1	1	15	1	0	15	874
5.7635	1	0	4	4	576	4	1	1	1	15	1	0	11	538
5.7795	1	0	5	5	578	0	1	1	1	15	1	0	2	135
5.7795	1	0	2	2	578	0	1	2	1	15	1	0	24	1642
5.7825	1	0	7	7	578	3	1	1	1	15	1	0	4	216
5.7825	1	0	6	6	578	3	1	2	2	15	1	0	0	172
5.7835	1	0	10	10	578	4	1	1	2	15	1	0	0	172
5.7835	1	0	8	8	578	4	1	3	3	15	1	0	0	260
5.7975	1	0	1	1	579	8	1	1	1	15	1	0	26	1862
5.8015	1	0	9	9	580	2	1	1	2	15	1	0	0	172
5.8075	1	0	3	3	580	8	1	1	1	15	1	0	13	699
5.8235	1	0	4	4	582	4	1	1	1	15	1	0	18	1006
5.8275	1	0	6	6	582	8	1	1	3	15	1	0	0	260
5.8285	1	0	5	5	582	9	1	1	1	15	1	0	6	318
5.8335	1	0	7	7	583	4	1	1	1	15	1	0	11	538
5.8375	1	0	2	2	583	8	1	1	1	15	1	0	24	1642
5.8395	1	0	10	10	584	0	1	1	2	15	1	0	0	172
5.8415	1	0	8	8	584	2	1	1	2	15	1	0	0	172
5.8425	1	0	8	8	584	3	1	1	1	14	1	0	0	84
5.848	1	0	9	9	584	9	0	1	2	15	1	0	0	172
5.8585	1	0	3	3	585	9	1	1	1	15	1	0	13	699
5.8615	1	0	1	1	586	2	1	1	1	15	1	0	26	1862
5.8765	1	0	4	4	587	7	1	1	1	15	1	0	28	2037
5.8845	1	0	6	6	588	5	1	1	2	15	1	0	0	172
5.8865	1	0	5	5	588	7	1	1	1	15	1	0	8	428
5.8935	1	0	8	8	589	4	1	1	2	15	1	0	0	172
5.8955	1	0	10	10	589	6	1	1	2	15	1	0	0	172
5.9015	1	0	7	7	590	2	1	1	1	15	1	0	11	538
5.9065	1	0	2	2	590	7	1	1	1	15	1	0	24	1642
5.9115	1	0	3	3	591	2	1	1	1	15	1	0	11	538
5.9155	1	0	1	1	591	6	1	1	1	15	1	0	26	1862
5.9165	1	0	9	9	591	7	1	1	2	15	1	0	0	172
5.9245	1	0	4	4	592	5	1	1	1	15	1	0	28	2037
5.9385	1	0	6	6	593	9	1	1	3	15	1	0	0	260
5.9395	1	0	8	8	594	0	1	1	3	15	1	0	0	260
5.9435	1	0	5	5	594	4	1	1	1	15	1	0	8	428
5.9535	1	0	7	7	595	4	1	1	1	15	1	0	8	428
5.9555	1	0	2	2	595	6	1	1	1	15	1	0	24	1642
5.9595	1	0	1	1	596	0	1	1	1	15	1	0	26	1862
5.9615	1	0	10	10	596	2	1	1	3	15	1	0	0	260
5.9685	1	0	3	3	596	9	1	1	1	15	1	0	8	428
5.9735	1	0	9	9	597	4	1	1	2	15	1	0	0	172
5.9935	1	0	4	4	599	4	1	1	1	15	1	0	24	1642
5.9975	1	0	6	6	599	8	1	1	2	15	1	0	0	172
6.0045	1	0	8	8	600	5	1	1	2	15	1	0	0	172
6.0055	1	0	5	5	600	6	1	1	1	15	1	0	8	428
6.01	1	0	2	2	601	1	0	1	1	15	1	0	24	1642
6.0195	1	0	10	10	602	0	1	1	2	15	1	0	0	172
6.0215	1	0	7	7	602	2	1	1	1	15	1	0	8	428
6.0235	1	0	9	9	602	4	1	1	2	15	1	0	0	172
6.025	1	0	1	1	602	6	0	1	1	15	1	0	26	1862
6.0295	1	0	3	3	603	0	1	1	1	15	1	0	4	216
6.0585	1	0	6	6	605	9	1	1	4	15	1	0	0	348
6.0595	1	0	5	5	606	0	1	1	1	15	1	0	6	318
6.0595	1	0	4	4	606	0	1	2	1	15	1	0	26	1862
6.0675	1	0	2	2	606	8	1	1	1	15	1	0	26	1862
6.0705	1	0	10	10	607	1	1	1	2	15	1	0	0	172
6.0715	1	0	8	8	607	2	1	1	3	15	1	0	0	260
6.076	1	0	3	3	607	7	0	1	1	15	1	0	15	874
6.077	1	0	9	9	607	8	0	1	2	15	1	0	0	172
6.077	1	0	7	7	607	8	0	3	1	15	1	0	11	538
6.08	1	0	1	1	608	1	0	1	1	15	1	0	26	1862
6.1135	1	0	6	6	611	4	1	1	2	15	1	0	0	172
6.119	1	0	5	5	612	0	0	1	1	15	1	0	8	428
6.1205	1	0	2	2	612	1	1	1	1	15	1	0	24	1642
6.1225	1	0	4	4	612	3	1	1	1	15	1	0	24	1642
6.1275	1	0	10	10	612	8	1	1	3	15	1	0	0	260
6.1275	1	0	1	1	612	8	1	4	1	15	1	0	26	1862
6.1285	1	0	8	8	612	9	1	1	3	15	1	0	0	260
6.1285	1	0	7	7	612	9	1	4	2	15	1	0	2	274
6.1365	1	0	9	9	613	7	1	1	3	15	1	0	0	260
6.1395	1	0	3	3	614	0	1	1	1	15	1	0	13	699
6.1635	1	0	5	5	616	4	1	1	1	15	1	0	6	318
6.1715	1	0	4	4	617	2	1	1	1	15	1	0	26	1862
6.1805	1	0	1	1	618	1	1	1	1	15	1	0	28	2037
6.1845	1	0	9	9	618	5	1	1	2	15	1	0	0	172
6.1845	1	0	2	2	618	5	1	3	1	15	1	0	26	1862
6.1875	1	0	6	6	618	8	1	1	2	15	1	0	0	172
6.1905	1	0	8	8	619	1	1	1	2	15	1	0	0	172
6.2005	1	0	7	7	620	1	1	1	4	15	1	0	0	348
6.2065	1	0	10	10	620	7	1	1	2	15	1	0	0	172
6.2125	1	0	5	5	621	3	1	1	1	15	1	0	6	318
6.2165	1	0	3	3	621	7	1	1	1	15	1	0	15	874
6.2215	1	0	4	4	622	2	1	1	1	15	1	0	28	2037
6.2305	1	0	1	1	623	1	1	1	1	15	1	0	28	2037
6.2405	1	0	6	6	624	1	1	1	3	15	1	0	0	260
6.2475	1	0	9	9	624	8	1	1	2	15	1	0	0	172
6.2485	1	0	9	9	624	9	1	1	1	14	1	0	0	84
6.2525	1	0	2	2	625	3	1	1	1	15	1	0	28	2037
6.2585	1	0	7	7	625	9	1	1	3	15	1	0	0	260
6.2595	1	0	8	8	626	0	1	1	3	15	1	0	0	260
6.2615	1	0	10	10	626	2	1	1	2	15	1	0	0	172
6.2725	1	0	3	3	627	3	1	1	1	15	1	0	15	874
6.2815	1	0	5	5	628	2	1	1	1	15	1	0	6	318
6.2865	1	0	4	4	628	7	1	1	1	15	1	0	20	1203
6.2905	1	0	1	1	629	1	1	1	1	15	1	0	28	2037
6.2955	1	0	9	9	629	6	1	1	1	15	1	0	4	216
6.3045	1	0	8	8	630	5	1	1	2	15	1	0	0	172
6.305	1	0	8	8	630	6	0	1	1	14	1	0	0	84
6.3055	1	0	2	2	630	6	1	1	1	15	1	0	28	2037
6.3085	1	0	6	6	630	9	1	1	2	15	1	0	0	172
6.3165	1	0	10	10	631	7	1	1	3	15	1	0	0	260
6.3265	1	0	7	7	632	7	1	1	2	15	1	0	0	172
6.332	1	0	3	3	633	3	0	1	1	15	1	0	13	699
6.3365	1	0	4	4	633	7	1	1	1	15	1	0	24	1642
6.3385	1	0	1	1	633	9	1	1	1	15	1	0	28	2037
6.3455	1	0	5	5	634	6	1	1	1	15	1	0	8	428
6.3535	1	0	9	9	635	4	1	1	1	15	1	0	4	216
6.3635	1	0	2	2	636	4	1	1	1	15	1	0	28	2037
6.3655	1	0	8	8	636	6	1	1	3	15	1	0	0	260
6.3755	1	0	10	10	637	6	1	1	2	15	1	0	0	172
6.3765	1	0	6	6	637	7	1	1	3	15	1	0	0	260
6.3855	1	0	7	7	638	6	1	1	2	15	1	0	0	172
6.3935	1	0	4	4	639	4	1	1	1	15	1	0	22	1423
6.3935	1	0	1	1	639	4	1	2	1	15	1	0	26	1862
6.4025	1	0	3	3	640	3	1	1	1	15	1	0	8	428
6.4055	1	0	9	9	640	6	1	1	1	15	1	0	4	216
6.4075	1	0	5	5	640	8	1	1	1	15	1	0	6	318
6.4205	1	0	2	2	642	1	1	1	1	15	1	0	28	2037
6.4255	1	0	10	10	642	6	1	1	4	15	1	0	0	348
6.4255	1	0	8	8	642	6	1	5	2	15	1	0	0	172
6.4415	1	0	7	7	644	2	1	1	2	15	1	0	0	172
6.4435	1	0	6	6	644	4	1	1	3	15	1	0	0	260
6.449	1	0	4	4	645	0	0	1	1	15	1	0	13	699
6.4505	1	0	1	1	645	1	1	1	1	15	1	0	26	1862
6.4605	1	0	3	3	646	1	1	1	1	15	1	0	13	699
6.4635	1	0	9	9	646	4	1	1	2	15	1	0	2	274
6.4635	1	0	5	5	646	4	1	3	1	15	1	0	6	318
6.4755	1	0	2	2	647	6	1	1	1	15	1	0	28	2037
6.4835	1	0	10	10	648	4	1	1	2	15	1	0	0	172
6.4915	1	0	8	8	649	2	1	1	3	15	1	0	0	260
6.497	1	0	6	6	649	8	0	1	2	15	1	0	0	172
6.5055	1	0	4	4	650	6	1	1	1	15	1	0	20	1203
6.5085	1	0	7	7	650	9	1	1	2	15	1	0	0	172
6.509	1	0	7	7	651	0	0	1	1	14	1	0	0	84
6.514	1	0	3	3	651	5	0	1	1	15	1	0	13	699
6.5185	1	0	1	1	651	9	1	1	1	15	1	0	26	1862
6.5195	1	0	5	5	652	0	1	1	3	15	1	0	0	260
6.5225	1	0	9	9	652	3	1	1	2	15	1	0	0	172
6.5275	1	0	2	2	652	8	1	1	1	15	1	0	28	2037
6.5435	1	0	10	10	654	4	1	1	2	15	1	0	0	172
6.5455	1	0	8	8	654	6	1	1	2	15	1	0	0	172
6.5605	1	0	6	6	656	1	1	1	3	15	1	0	0	260
6.566	1	0	5	5	656	7	0	1	2	15	1	0	0	172
6.566	1	0	4	4	656	7	0	3	1	15	1	0	18	1006
6.5665	1	0	7	7	656	7	1	1	3	15	1	0	0	260
6.5665	1	0	5	5	656	7	1	4	1	14	1	0	0	84
6.5725	1	0	1	1	657	3	1	1	1	15	1	0	26	1862
6.5745	1	0	9	9	657	5	1	1	2	15	1	0	0	172
6.5785	1	0	3	3	657	9	1	1	1	15	1	0	13	699
6.5825	1	0	2	2	658	3	1	1	1	15	1	0	28	2037
6.6045	1	0	8	8	660	5	1	1	2	15	1	0	0	172
6.6185	1	0	10	10	661	9	1	1	3	15	1	0	0	260
6.6205	1	0	4	4	662	1	1	1	1	15	1	0	22	1423
6.6255	1	0	7	7	662	6	1	1	2	15	1	0	0	172
6.631	1	0	5	5	663	2	0	1	2	15	1	0	2	274
6.6315	1	0	1	1	663	2	1	1	1	15	1	0	26	1862
6.6355	1	0	3	3	663	6	1	1	1	15	1	0	11	538
6.641	1	0	2	2	664	2	0	1	1	15	1	0	26	1862
6.6455	1	0	9	9	664	6	1	1	3	15	1	0	0	260
6.6475	1	0	6	6	664	8	1	1	2	15	1	0	0	172
6.6605	1	0	8	8	666	1	1	1	2	15	1	0	0	172
6.6695	1	0	4	4	667	0	1	1	1	15	1	0	26	1862
6.6865	1	0	10	10	668	7	1	1	2	15	1	0	0	172
6.6945	1	0	5	5	669	5	1	1	1	15	1	0	2	135
6.6965	1	0	9	9	669	7	1	1	3	15	1	0	0	260
6.6975	1	0	9	9	669	8	1	1	1	14	1	0	0	84
6.7025	1	0	6	6	670	3	1	1	3	15	1	0	0	260
6.7055	1	0	3	3	670	6	1	1	1	15	1	0	13	699
6.7085	1	0	7	7	670	9	1	1	3	15	1	0	0	260
6.7115	1	0	2	2	671	2	1	1	1	15	1	0	24	1642
6.7125	1	0	8	8	671	3	1	1	3	15	1	0	0	260
6.7215	1	0	1	1	672	2	1	1	1	15	1	0	28	2037
6.7245	1	0	4	4	672	5	1	1	1	15	1	0	13	699
6.7415	1	0	10	10	674	2	1	1	2	15	1	0	0	172
6.7455	1	0	5	5	674	6	1	1	2	15	1	0	2	274
6.7495	1	0	9	9	675	0	1	1	2	15	1	0	0	172
6.7495	1	0	6	6	675	0	1	3	2	15	1	0	0	172
6.7555	1	0	3	3	675	6	1	1	1	15	1	0	11	538
6.7605	1	0	7	7	676	1	1	1	2	15	1	0	0	172
6.7665	1	0	2	2	676	7	1	1	1	15	1	0	24	1642
6.7705	1	0	4	4	677	1	1	1	1	15	1	0	18	1006
6.7735	1	0	8	8	677	4	1	1	3	15	1	0	0	260
6.7805	1	0	1	1	678	1	1	1	1	15	1	0	28	2037
6.7985	1	0	6	6	679	9	1	1	3	15	1	0	0	260
6.804	1	0	5	5	680	5	0	1	1	15	1	0	2	135
6.8045	1	0	5	5	680	5	1	1	1	14	1	0	2	135
6.8055	1	0	9	9	680	6	1	1	3	15	1	0	0	260
6.8085	1	0	3	3	680	9	1	1	1	15	1	0	11	538
6.8145	1	0	10	10	681	5	1	1	3	15	1	0	0	260
6.8245	1	0	2	2	682	5	1	1	1	15	1	0	24	1642
6.8265	1	0	7	7	682	7	1	1	2	15	1	0	0	172
6.8265	1	0	4	4	682	7	1	3	1	15	1	0	15	874
6.8285	1	0	8	8	682	9	1	1	2	15	1	0	0	172
6.8345	1	0	1	1	683	5	1	1	1	15	1	0	28	2037
6.8665	1	0	5	5	686	7	1	1	1	15	1	0	6	318
6.8685	1	0	10	10	686	9	1	1	3	15	1	0	0	260
6.8685	1	0	9	9	686	9	1	4	2	15	1	0	0	172
6.8715	1	0	3	3	687	2	1	1	1	15	1	0	15	874
6.8725	1	0	6	6	687	3	1	1	2	15	1	0	0	172
6.8745	1	0	8	8	687	5	1	1	2	15	1	0	2	274
6.8785	1	0	7	7	687	9	1	1	3	15	1	0	0	260
6.8785	1	0	2	2	687	9	1	4	1	15	1	0	26	1862
6.8845	1	0	4	4	688	5	1	1	1	15	1	0	20	1203
6.8995	1	0	1	1	690	0	1	1	1	15	1	0	26	1862
6.9165	1	0	9	9	691	7	1	1	3	15	1	0	0	260
6.9185	1	0	5	5	691	9	1	1	1	15	1	0	4	216
6.9195	1	0	10	10	692	0	1	1	2	15	1	0	0	172
6.9325	1	0	7	7	693	3	1	1	2	15	1	0	0	172
6.9335	1	0	6	6	693	4	1	1	3	15	1	0	0	260
6.9345	1	0	3	3	693	5	1	1	1	15	1	0	15	874
6.9395	1	0	4	4	694	0	1	1	1	15	1	0	24	1642
6.9405	1	0	8	8	694	1	1	1	2	15	1	0	0	172
6.9495	1	0	2	2	695	0	1	1	1	15	1	0	24	1642
6.9625	1	0	1	1	696	3	1	1	1	15	1	0	26	1862
6.9725	1	0	9	9	697	3	1	1	2	15	1	0	0	172
6.973	1	0	9	9	697	4	0	1	1	14	1	0	0	84
6.976	1	0	5	5	697	7	0	1	1	15	1	0	4	216
6.9775	1	0	10	10	697	8	1	1	2	15	1	0	0	172
6.978	1	0	10	10	697	9	0	1	1	14	1	0	0	84
6.9865	1	0	6	6	698	7	1	1	3	15	1	0	0	260
6.9965	1	0	8	8	699	7	1	1	2	15	1	0	0	172
6.9965	1	0	4	4	699	7	1	3	1	15	1	0	18	1006
6.997	1	0	8	8	699	8	0	1	1	14	1	0	0	84
7	1	0	7	7	700	1	0	1	2	15	1	0	0	172
7.0085	1	0	3	3	700	9	1	1	1	15	1	0	15	874
7.0155	1	0	1	1	701	6	1	1	1	15	1	0	26	1862
7.0215	1	0	2	2	702	2	1	1	1	15	1	0	26	1862
7.0255	1	0	9	9	702	6	1	1	2	15	1	0	2	274
7.0375	1	0	5	5	703	8	1	1	1	15	1	0	6	318
7.0385	1	0	10	10	703	9	1	1	2	15	1	0	0	172
7.0395	1	0	6	6	704	0	1	1	2	15	1	0	0	172
7.0555	1	0	7	7	705	6	1	1	2	15	1	0	0	172
7.0605	1	0	8	8	706	1	1	1	2	15	1	0	2	274
7.0645	1	0	3	3	706	5	1	1	1	15	1	0	15	874
7.0665	1	0	4	4	706	7	1	1	1	15	1	0	26	1862
7.0755	1	0	1	1	707	6	1	1	1	15	1	0	26	1862
7.0805	1	0	2	2	708	1	1	1	1	15	1	0	28	2037
7.0865	1	0	9	9	708	7	1	1	2	15	1	0	0	172
7.0905	1	0	6	6	709	1	1	1	3	15	1	0	0	260
7.0965	1	0	5	5	709	7	1	1	1	15	1	0	4	216
7.1025	1	0	10	10	710	3	1	1	3	15	1	0	0	260
7.1145	1	0	7	7	711	5	1	1	4	15	1	0	0	348
7.1185	1	0	3	3	711	9	1	1	1	15	1	0	18	1006
7.124	1	0	8	8	712	5	0	1	2	15	1	0	0	172
7.1295	1	0	4	4	713	0	1	1	1	15	1	0	28	2037
7.1325	1	0	2	2	713	3	1	1	1	15	1	0	26	1862
7.1365	1	0	9	9	713	7	1	1	3	15	1	0	0	260
7.1375	1	0	1	1	713	8	1	1	1	15	1	0	26	1862
7.1445	1	0	6	6	714	5	1	1	2	15	1	0	0	172
7.1515	1	0	10	10	715	2	1	1	2	15	1	0	0	172
7.1635	1	0	5	5	716	4	1	1	2	15	1	0	2	274
7.169	1	0	7	7	717	0	0	1	4	15	1	0	0	348
7.1755	1	0	4	4	717	6	1	1	1	15	1	0	4	216
7.1785	1	0	3	3	717	9	1	1	1	15	1	0	6	318
7.1805	1	0	2	2	718	1	1	1	1	15	1	0	28	2037
7.1865	1	0	8	8	718	7	1	1	2	15	1	0	0	172
7.1985	1	0	9	9	719	9	1	1	3	15	1	0	0	260
7.1995	1	0	1	1	720	0	1	1	1	15	1	0	26	1862
7.2155	1	0	10	10	721	6	1	1	3	15	1	0	0	260
7.2165	1	0	5	5	721	7	1	1	2	15	1	0	0	172
7.222	1	0	7	7	722	3	0	1	2	15	1	0	0	172
7.2255	1	0	6	6	722	6	1	1	2	15	1	0	0	172
7.2325	1	0	4	4	723	3	1	1	2	15	1	0	4	435
7.2385	1	0	3	3	723	9	1	1	1	15	1	0	2	135
7.2485	1	0	8	8	724	9	1	1	2	15	1	0	2	274
7.2525	1	0	9	9	725	3	1	1	3	15	1	0	0	260
7.2605	1	0	1	1	726	1	1	1	1	15	1	0	26	1862
7.2615	1	0	10	10	726	2	1	1	3	15	1	0	0	260
7.2615	1	0	2	2	726	2	1	4	1	15	1	0	28	2037
7.2785	1	0	7	7	727	9	1	1	2	15	1	0	0	172
7.2855	1	0	5	5	728	6	1	1	3	15	1	0	0	260
7.2945	1	0	4	4	729	5	1	1	1	15	1	0	13	699
7.2995	1	0	6	6	730	0	1	1	3	15	1	0	0	260
7.3015	1	0	9	9	730	2	1	1	2	15	1	0	0	172
7.305	1	0	8	8	730	6	0	1	1	15	1	0	2	135
7.308	1	0	3	3	730	9	0	1	1	15	1	0	18	1006
7.3115	1	0	1	1	731	2	1	1	1	15	1	0	26	1862
7.3145	1	0	10	10	731	5	1	1	2	15	1	0	0	172
7.315	1	0	10	10	731	6	0	1	1	14	1	0	0	84
7.32	1	0	2	2	732	1	0	1	1	15	1	0	26	1862
7.3315	1	0	7	7	733	2	1	1	2	15	1	0	0	172
7.3375	1	0	5	5	733	8	1	1	4	15	1	0	0	348
7.3515	1	0	4	4	735	2	1	1	1	15	1	0	26	1862
7.3535	1	0	8	8	735	4	1	1	1	15	1	0	4	216
7.3595	1	0	9	9	736	0	1	1	3	15	1	0	0	260
7.3605	1	0	3	3	736	1	1	1	1	15	1	0	15	874
7.3665	1	0	10	10	736	7	1	1	2	15	1	0	0	172
7.3695	1	0	6	6	737	0	1	1	2	15	1	0	0	172
7.3695	1	0	1	1	737	0	1	3	1	15	1	0	26	1862
7.37	1	0	6	6	737	1	0	1	1	14	1	0	0	84
7.3885	1	0	2	2	738	9	1	1	1	15	1	0	28	2037
7.3915	1	0	7	7	739	2	1	1	4	15	1	0	0	348
7.3935	1	0	5	5	739	4	1	1	2	15	1	0	0	172
7.4105	1	0	4	4	741	1	1	1	1	15	1	0	28	2037
7.4195	1	0	3	3	742	0	1	1	1	15	1	0	13	699
7.4205	1	0	8	8	742	1	1	1	2	15	1	0	2	274
7.4215	1	0	1	1	742	2	1	1	1	15	1	0	26	1862
7.4225	1	0	6	6	742	3	1	1	2	15	1	0	0	172
7.4245	1	0	10	10	742	5	1	1	2	15	1	0	0	172
7.4375	1	0	9	9	743	8	1	1	2	15	1	0	0	172
7.4475	1	0	7	7	744	8	1	1	2	15	1	0	0	172
7.4485	1	0	5	5	744	9	1	1	3	15	1	0	0	260
7.4595	1	0	2	2	746	0	1	1	1	15	1	0	26	1862
7.4725	1	0	10	10	747	3	1	1	2	15	1	0	0	172
7.4755	1	0	4	4	747	6	1	1	1	15	1	0	18	1006
7.4755	1	0	3	3	747	6	1	2	1	15	1	0	15	874
7.4785	1	0	6	6	747	9	1	1	2	15	1	0	0	172
7.479	1	0	6	6	748	0	0	1	1	14	1	0	0	84
7.4815	1	0	1	1	748	2	1	1	1	15	1	0	26	1862
7.4865	1	0	8	8	748	7	1	1	3	15	1	0	0	260
7.4995	1	0	9	9	750	0	1	1	3	15	1	0	0	260
7.5055	1	0	7	7	750	6	1	1	2	15	1	0	0	172
7.5085	1	0	5	5	750	9	1	1	3	15	1	0	0	260
7.514	1	0	2	2	751	5	0	1	1	15	1	0	28	2037
7.5225	1	0	10	10	752	3	1	1	2	15	1	0	0	172
7.528	1	0	4	4	752	9	0	1	1	15	1	0	24	1642
7.5315	1	0	6	6	753	2	1	1	2	15	1	0	0	172
7.537	1	0	1	1	753	8	0	1	1	15	1	0	26	1862
7.5395	1	0	3	3	754	0	1	1	1	15	1	0	18	1006
7.5465	1	0	8	8	754	7	1	1	2	15	1	0	0	172
7.5545	1	0	9	9	755	5	1	1	3	15	1	0	0	260
7.5565	1	0	5	5	755	7	1	1	2	15	1	0	0	172
7.5645	1	0	7	7	756	5	1	1	2	15	1	0	0	172
7.5765	1	0	2	2	757	7	1	1	1	15	1	0	28	2037
7.5775	1	0	4	4	757	8	1	1	1	15	1	0	28	2037
7.5785	1	0	10	10	757	9	1	1	2	15	1	0	0	172
7.5795	1	0	6	6	758	0	1	1	4	15	1	0	0	348
7.5995	1	0	3	3	760	0	1	1	1	15	1	0	18	1006
7.6025	1	0	5	5	760	3	1	1	3	15	1	0	0	260
7.6035	1	0	1	1	760	4	1	1	1	15	1	0	26	1862
7.6055	1	0	8	8	760	6	1	1	2	15	1	0	0	172
7.6065	1	0	9	9	760	7	1	1	2	15	1	0	0	172
7.6315	1	0	7	7	763	2	1	1	3	15	1	0	0	260
7.6345	1	0	4	4	763	5	1	1	1	15	1	0	22	1423
7.6345	1	0	2	2	763	5	1	2	1	15	1	0	26	1862
7.6375	1	0	10	10	763	8	1	1	2	15	1	0	0	172
7.6505	1	0	6	6	765	1	1	1	2	15	1	0	0	172
7.656	1	0	8	8	765	7	0	1	2	15	1	0	0	172
7.659	1	0	1	1	766	0	0	1	1	15	1	0	26	1862
7.6665	1	0	5	5	766	7	1	1	3	15	1	0	0	260
7.6705	1	0	3	3	767	1	1	1	1	15	1	0	18	1006
7.672	1	0	9	9	767	3	0	1	3	15	1	0	0	260
7.6845	1	0	2	2	768	5	1	1	1	15	1	0	22	1423
7.6895	1	0	4	4	769	0	1	1	1	15	1	0	22	1423
7.6905	1	0	7	7	769	1	1	1	2	15	1	0	0	172
7.7085	1	0	6	6	770	9	1	1	2	15	1	0	0	172
7.709	1	0	6	6	771	0	0	1	1	14	1	0	0	84
7.7145	1	0	8	8	771	5	1	1	2	15	1	0	0	172
7.7175	1	0	1	1	771	8	1	1	1	15	1	0	26	1862
7.7255	1	0	5	5	772	6	1	1	2	15	1	0	0	172
7.7265	1	0	9	9	772	7	1	1	2	15	1	0	0	172
7.7355	1	0	3	3	773	6	1	1	1	15	1	0	18	1006
7.7375	1	0	10	10	773	8	1	1	2	15	1	0	0	172
7.7395	1	0	4	4	774	0	1	1	1	15	1	0	20	1203
7.741	1	0	2	2	774	2	0	1	1	15	1	0	22	1423
7.7545	1	0	7	7	775	5	1	1	3	15	1	0	0	260
7.76	1	0	8	8	776	1	0	1	2	15	1	0	0	172
7.7645	1	0	6	6	776	5	1	1	3	15	1	0	0	260
7.7775	1	0	1	1	777	8	1	1	1	15	1	0	26	1862
7.7795	1	0	5	5	778	0	1	1	2	15	1	0	0	172
7.7815	1	0	9	9	778	2	1	1	3	15	1	0	0	260
7.7875	1	0	3	3	778	8	1	1	1	15	1	0	15	874
7.7905	1	0	2	2	779	1	1	1	1	15	1	0	26	1862
7.7945	1	0	4	4	779	5	1	1	1	15	1	0	18	1006
7.8025	1	0	10	10	780	3	1	1	3	15	1	0	0	260
7.8145	1	0	8	8	781	5	1	1	3	15	1	0	0	260
7.8155	1	0	7	7	781	6	1	1	3	15	1	0	0	260
7.819	1	0	6	6	782	0	0	1	2	15	1	0	0	172
7.8325	1	0	5	5	783	3	1	1	2	15	1	0	0	172
7.8325	1	0	1	1	783	3	1	3	1	15	1	0	26	1862
7.8405	1	0	9	9	784	1	1	1	3	15	1	0	0	260
7.8595	1	0	10	10	786	0	1	1	3	15	1	0	0	260
7.8605	1	0	4	4	786	1	1	1	1	15	1	0	13	699
7.8615	1	0	2	2	786	2	1	1	1	15	1	0	26	1862
7.865	1	0	7	7	786	6	0	1	3	15	1	0	0	260
7.8655	1	0	6	6	786	6	1	1	2	15	1	0	0	172
7.866	1	0	6	6	786	7	0	1	1	14	1	0	0	84
7.8685	1	0	8	8	786	9	1	1	3	15	1	0	0	260
7.8685	1	0	3	3	786	9	1	4	1	15	1	0	18	1006
7.8825	1	0	1	1	788	3	1	1	1	15	1	0	26	1862
7.8945	1	0	5	5	789	5	1	1	4	15	1	0	0	348
7.9005	1	0	9	9	790	1	1	1	3	15	1	0	0	260
7.9145	1	0	10	10	791	5	1	1	3	15	1	0	0	260
7.9145	1	0	7	7	791	5	1	4	2	15	1	0	0	172
7.9185	1	0	3	3	791	9	1	1	1	15	1	0	8	428
7.9295	1	0	8	8	793	0	1	1	2	15	1	0	0	172
7.9295	1	0	4	4	793	0	1	3	1	15	1	0	13	699
7.9295	1	0	2	2	793	0	1	4	1	15	1	0	28	2037
7.9315	1	0	6	6	793	2	1	1	2	15	1	0	0	172
7.935	1	0	1	1	793	6	0	1	1	15	1	0	26	1862
7.9515	1	0	5	5	795	2	1	1	2	15	1	0	0	172
7.9655	1	0	10	10	796	6	1	1	4	15	1	0	0	348
7.9665	1	0	9	9	796	7	1	1	3	15	1	0	0	260
7.9735	1	0	3	3	797	4	1	1	1	15	1	0	8	428
7.9745	1	0	7	7	797	5	1	1	2	15	1	0	0	172
7.9845	1	0	1	1	798	5	1	1	1	15	1	0	26	1862
7.9855	1	0	2	2	798	6	1	1	1	15	1	0	28	2037
7.9885	1	0	4	4	798	9	1	1	1	15	1	0	13	699
7.9975	1	0	6	6	799	8	1	1	2	15	1	0	0	172
8.003	1	0	5	5	800	4	0	1	5	15	1	0	0	435
8.0045	1	0	8	8	800	5	1	1	2	15	1	0	0	172
8.006	1	0	8	8	800	7	0	1	1	14	1	0	0	84
8.0265	1	0	9	9	802	7	1	1	2	15	1	0	0	172
8.0285	1	0	3	3	802	9	1	1	1	15	1	0	18	1006
8.0365	1	0	7	7	803	7	1	1	2	15	1	0	0	172
8.0395	1	0	4	4	804	0	1	1	1	15	1	0	20	1203
8.0405	1	0	2	2	804	1	1	1	1	15	1	0	28	2037
8.0425	1	0	10	10	804	3	1	1	3	15	1	0	0	260
8.046	1	0	1	1	804	7	0	1	1	15	1	0	26	1862
8.0535	1	0	6	6	805	4	1	1	3	15	1	0	0	260
8.0555	1	0	5	5	805	6	1	1	2	15	1	0	0	172
8.0575	1	0	8	8	805	8	1	1	2	15	1	0	0	172
8.059	1	0	8	8	806	0	0	1	1	14	1	0	0	84
8.0815	1	0	9	9	808	2	1	1	2	15	1	0	0	172
8.0815	1	0	3	3	808	2	1	3	1	15	1	0	15	874
8.082	1	0	9	9	808	3	0	1	1	14	1	0	0	84
8.0905	1	0	7	7	809	1	1	1	2	15	1	0	0	172
8.0975	1	0	4	4	809	8	1	1	1	15	1	0	24	1642
8.0995	1	0	10	10	810	0	1	1	3	15	1	0	0	260
8.1015	1	0	2	2	810	2	1	1	1	15	1	0	26	1862
8.103	1	0	1	1	810	4	0	1	1	15	1	0	26	1862
8.1105	1	0	5	5	811	1	1	1	2	15	1	0	0	172
8.1165	1	0	8	8	811	7	1	1	3	15	1	0	0	260
8.1185	1	0	6	6	811	9	1	1	3	15	1	0	0	260
8.1405	1	0	9	9	814	1	1	1	3	15	1	0	0	260
8.1435	1	0	3	3	814	4	1	1	1	15	1	0	11	538
8.1485	1	0	4	4	814	9	1	1	1	15	1	0	18	1006
8.1515	1	0	10	10	815	2	1	1	3	15	1	0	0	260
8.1515	1	0	7	7	815	2	1	4	3	15	1	0	0	260
8.1515	1	0	1	1	815	2	1	7	1	15	1	0	26	1862
8.157	1	0	2	2	815	8	0	1	1	15	1	0	28	2037
8.1655	1	0	8	8	816	6	1	1	2	15	1	0	0	172
8.1735	1	0	6	6	817	4	1	1	2	15	1	0	0	172
8.1775	1	0	5	5	817	8	1	1	1	15	1	0	4	216
8.1955	1	0	10	10	819	6	1	1	2	15	1	0	0	172
8.1995	1	0	9	9	820	0	1	1	2	15	1	0	0	172
8.1995	1	0	7	7	820	0	1	3	2	15	1	0	0	172
8.201	1	0	3	3	820	2	0	1	1	15	1	0	18	1006
8.2055	1	0	4	4	820	6	1	1	1	15	1	0	24	1642
8.2075	1	0	2	2	820	8	1	1	1	15	1	0	24	1642
8.2075	1	0	1	1	820	8	1	2	1	15	1	0	26	1862
8.2145	1	0	6	6	821	5	1	1	3	15	1	0	0	260
8.2275	1	0	8	8	822	8	1	1	2	15	1	0	0	172
8.2335	1	0	5	5	823	4	1	1	1	15	1	0	11	538
8.2475	1	0	10	10	824	8	1	1	3	15	1	0	0	260
8.2535	1	0	9	9	825	4	1	1	2	15	1	0	0	172
8.2535	1	0	4	4	825	4	1	3	1	15	1	0	26	1862
8.2595	1	0	3	3	826	0	1	1	1	15	1	0	18	1006
8.2605	1	0	1	1	826	1	1	1	1	15	1	0	26	1862
8.2635	1	0	7	7	826	4	1	1	3	15	1	0	0	260
8.2635	1	0	2	2	826	4	1	4	1	15	1	0	24	1642
8.2665	1	0	6	6	826	7	1	1	3	15	1	0	0	260
8.2795	1	0	8	8	828	0	1	1	3	15	1	0	0	260
8.2915	1	0	5	5	829	2	1	1	1	15	1	0	8	428
8.2965	1	0	10	10	829	7	1	1	3	15	1	0	0	260
8.3145	1	0	1	1	831	5	1	1	1	15	1	0	26	1862
8.3155	1	0	9	9	831	6	1	1	3	15	1	0	0	260
8.3155	1	0	3	3	831	6	1	4	1	15	1	0	24	1642
8.3175	1	0	6	6	831	8	1	1	2	15	1	0	0	172
8.3175	1	0	2	2	831	8	1	3	1	15	1	0	22	1423
8.3185	1	0	7	7	831	9	1	1	3	15	1	0	0	260
8.324	1	0	4	4	832	5	0	1	1	15	1	0	6	318
8.3295	1	0	8	8	833	0	1	1	3	15	1	0	0	260
8.3485	1	0	5	5	834	9	1	1	1	15	1	0	8	428
8.3525	1	0	10	10	835	3	1	1	3	15	1	0	0	260
8.3685	1	0	9	9	836	9	1	1	2	15	1	0	0	172
8.3685	1	0	2	2	836	9	1	3	1	15	1	0	24	1642
8.3715	1	0	7	7	837	2	1	1	2	15	1	0	0	172
8.3745	1	0	6	6	837	5	1	1	3	15	1	0	0	260
8.3745	1	0	1	1	837	5	1	4	1	15	1	0	26	1862
8.3755	1	0	4	4	837	6	1	1	1	15	1	0	8	428
8.3805	1	0	8	8	838	1	1	1	2	15	1	0	0	172
8.3955	1	0	3	3	839	6	1	1	1	15	1	0	18	1006
8.4045	1	0	10	10	840	5	1	1	2	15	1	0	0	172
8.4145	1	0	5	5	841	5	1	1	1	15	1	0	8	428
8.4155	1	0	9	9	841	6	1	1	2	15	1	0	0	172
8.4255	1	0	2	2	842	6	1	1	1	15	1	0	20	1203
8.4275	1	0	7	7	842	8	1	1	3	15	1	0	0	260
8.4335	1	0	4	4	843	4	1	1	1	15	1	0	6	318
8.4345	1	0	8	8	843	5	1	1	2	15	1	0	0	172
8.4355	1	0	1	1	843	6	1	1	1	15	1	0	26	1862
8.4435	1	0	6	6	844	4	1	1	3	15	1	0	0	260
8.4545	1	0	3	3	845	5	1	1	1	15	1	0	20	1203
8.4615	1	0	5	5	846	2	1	1	1	15	1	0	8	428
8.4645	1	0	9	9	846	5	1	1	2	15	1	0	0	172
8.4705	1	0	10	10	847	1	1	1	3	15	1	0	0	260
8.4785	1	0	7	7	847	9	1	1	2	15	1	0	0	172
8.4815	1	0	4	4	848	2	1	1	1	15	1	0	6	318
8.4865	1	0	2	2	848	7	1	1	1	15	1	0	24	1642
8.4885	1	0	1	1	848	9	1	1	1	15	1	0	26	1862
8.4895	1	0	8	8	849	0	1	1	2	15	1	0	0	172
8.5015	1	0	6	6	850	2	1	1	3	15	1	0	0	260
8.5045	1	0	3	3	850	5	1	1	1	15	1	0	18	1006
8.5255	1	0	10	10	852	6	1	1	2	15	1	0	0	172
8.526	1	0	10	10	852	7	0	1	1	14	1	0	0	84
8.529	1	0	9	9	853	0	0	1	2	15	1	0	0	172
8.529	1	0	5	5	853	0	0	3	1	15	1	0	8	428
8.5345	1	0	7	7	853	5	1	1	2	15	1	0	0	172
8.5345	1	0	4	4	853	5	1	3	1	15	1	0	24	1642
8.5355	1	0	2	2	853	6	1	1	1	15	1	0	24	1642
8.5415	1	0	1	1	854	2	1	1	1	15	1	0	26	1862
8.5435	1	0	8	8	854	4	1	1	2	15	1	0	0	172
8.5535	1	0	3	3	855	4	1	1	1	15	1	0	15	874
8.5595	1	0	6	6	856	0	1	1	3	15	1	0	0	260
8.5775	1	0	9	9	857	8	1	1	2	15	1	0	0	172
8.578	1	0	9	9	857	9	0	1	1	14	1	0	0	84
8.5795	1	0	10	10	858	0	1	1	2	15	1	0	0	172
8.5895	1	0	4	4	859	0	1	1	1	15	1	0	26	1862
8.5915	1	0	1	1	859	2	1	1	1	15	1	0	26	1862
8.5965	1	0	7	7	859	7	1	1	2	15	1	0	0	172
8.602	1	0	2	2	860	3	0	1	1	15	1	0	24	1642
8.6055	1	0	5	5	860	6	1	1	1	15	1	0	4	216
8.6065	1	0	3	3	860	7	1	1	1	15	1	0	13	699
8.6125	1	0	8	8	861	3	1	1	3	15	1	0	0	260
8.6325	1	0	10	10	863	3	1	1	2	15	1	0	0	172
8.6325	1	0	9	9	863	3	1	3	3	15	1	0	0	260
8.6325	1	0	6	6	863	3	1	6	2	15	1	0	0	172
8.633	1	0	9	9	863	4	0	1	1	14	1	0	0	84
8.6345	1	0	4	4	863	5	1	1	1	15	1	0	8	428
8.6435	1	0	1	1	864	4	1	1	1	15	1	0	26	1862
8.6555	1	0	5	5	865	6	1	1	1	15	1	0	11	538
8.6615	1	0	2	2	866	2	1	1	1	15	1	0	24	1642
8.6655	1	0	3	3	866	6	1	1	1	15	1	0	11	538
8.6715	1	0	7	7	867	2	1	1	2	15	1	0	0	172
8.6765	1	0	8	8	867	7	1	1	3	15	1	0	0	260
8.677	1	0	8	8	867	8	0	1	1	14	1	0	0	84
8.6805	1	0	10	10	868	1	1	1	3	15	1	0	0	260
8.6885	1	0	9	9	868	9	1	1	3	15	1	0	0	260
8.6945	1	0	4	4	869	5	1	1	1	15	1	0	6	318
8.6955	1	0	6	6	869	6	1	1	3	15	1	0	0	260
8.6975	1	0	1	1	869	8	1	1	1	15	1	0	26	1862
8.7035	1	0	5	5	870	4	1	1	1	15	1	0	8	428
8.7175	1	0	2	2	871	8	1	1	1	15	1	0	20	1203
8.7215	1	0	3	3	872	2	1	1	1	15	1	0	18	1006
8.7295	1	0	7	7	873	0	1	1	2	15	1	0	0	172
8.7395	1	0	10	10	874	0	1	1	2	15	1	0	0	172
8.7435	1	0	9	9	874	4	1	1	3	15	1	0	0	260
8.749	1	0	6	6	875	0	0	1	3	15	1	0	0	260
8.749	1	0	1	1	875	0	0	4	1	15	1	0	26	1862
8.752	1	0	8	8	875	3	0	1	3	15	1	0	0	260
8.7535	1	0	4	4	875	4	1	1	1	15	1	0	11	538
8.7715	1	0	5	5	877	2	1	1	1	15	1	0	8	428
8.7775	1	0	2	2	877	8	1	1	1	15	1	0	24	1642
8.7845	1	0	7	7	878	5	1	1	2	15	1	0	0	172
8.7845	1	0	3	3	878	5	1	3	1	15	1	0	18	1006
8.785	1	0	7	7	878	6	0	1	1	14	1	0	0	84
8.7905	1	0	10	10	879	1	1	1	5	15	1	0	0	435
8.7985	1	0	9	9	879	9	1	1	2	15	1	0	0	172
8.7985	1	0	1	1	879	9	1	3	1	15	1	0	26	1862
8.8025	1	0	6	6	880	3	1	1	2	15	1	0	0	172
8.804	1	0	8	8	880	5	0	1	3	15	1	0	0	260
8.8195	1	0	4	4	882	0	1	1	1	15	1	0	13	699
8.8275	1	0	5	5	882	8	1	1	1	15	1	0	8	428
8.8345	1	0	7	7	883	5	1	1	3	15	1	0	0	260
8.8365	1	0	2	2	883	7	1	1	1	15	1	0	24	1642
8.8415	1	0	3	3	884	2	1	1	1	15	1	0	13	699
8.8505	1	0	1	1	885	1	1	1	1	15	1	0	26	1862
8.8515	1	0	10	10	885	2	1	1	2	15	1	0	0	172
8.8565	1	0	9	9	885	7	1	1	2	15	1	0	0	172
8.8585	1	0	6	6	885	9	1	1	3	15	1	0	0	260
8.8625	1	0	8	8	886	3	1	1	3	15	1	0	0	260
8.8805	1	0	4	4	888	1	1	1	1	15	1	0	24	1642
8.8845	1	0	7	7	888	5	1	1	2	15	1	0	0	172
8.8925	1	0	5	5	889	3	1	1	1	15	1	0	11	538
8.8945	1	0	3	3	889	5	1	1	1	15	1	0	18	1006
8.9055	1	0	10	10	890	6	1	1	2	15	1	0	0	172
8.9095	1	0	6	6	891	0	1	1	2	15	1	0	0	172
8.9115	1	0	9	9	891	2	1	1	2	15	1	0	0	172
8.9125	1	0	1	1	891	3	1	1	1	15	1	0	26	1862
8.915	1	0	2	2	891	6	0	1	1	15	1	0	22	1423
8.9215	1	0	8	8	892	2	1	1	2	15	1	0	0	172
8.922	1	0	8	8	892	3	0	1	1	14	1	0	0	84
8.9335	1	0	7	7	893	4	1	1	4	15	1	0	0	348
8.9425	1	0	4	4	894	3	1	1	1	15	1	0	20	1203
8.9435	1	0	5	5	894	4	1	1	1	15	1	0	11	538
8.9455	1	0	3	3	894	6	1	1	1	15	1	0	18	1006
8.9545	1	0	10	10	895	5	1	1	1	15	1	0	4	216
8.9655	1	0	9	9	896	6	1	1	2	15	1	0	0	172
8.9655	1	0	2	2	896	6	1	3	1	15	1	0	26	1862
8.966	1	0	9	9	896	7	0	1	1	14	1	0	0	84
8.9695	1	0	1	1	897	0	1	1	1	15	1	0	26	1862
8.9715	1	0	8	8	897	2	1	1	2	15	1	0	0	172
8.9715	1	0	6	6	897	2	1	3	2	15	1	0	0	172
8.9945	1	0	7	7	899	5	1	1	3	15	1	0	0	260
8.9955	1	0	4	4	899	6	1	1	1	15	1	0	22	1423
9.0015	1	0	5	5	900	2	1	1	1	15	1	0	13	699
9.0125	1	0	10	10	901	3	1	1	1	15	1	0	6	318
9.0145	1	0	3	3	901	5	1	1	1	15	1	0	11	538
9.0165	1	0	2	2	901	7	1	1	1	15	1	0	6	318
9.0175	1	0	1	1	901	8	1	1	1	15	1	0	26	1862
9.0225	1	0	6	6	902	3	1	1	3	15	1	0	0	260
9.0265	1	0	9	9	902	7	1	1	2	15	1	0	0	172
9.0355	1	0	8	8	903	6	1	1	2	15	1	0	0	172
9.0425	1	0	7	7	904	3	1	1	3	15	1	0	0	260
9.0625	1	0	4	4	906	3	1	1	1	15	1	0	24	1642
9.0685	1	0	3	3	906	9	1	1	1	15	1	0	20	1203
9.0715	1	0	10	10	907	2	1	1	1	15	1	0	4	216
9.0735	1	0	5	5	907	4	1	1	1	15	1	0	13	699
9.0755	1	0	2	2	907	6	1	1	1	15	1	0	18	1006
9.0815	1	0	6	6	908	2	1	1	2	15	1	0	0	172
9.0845	1	0	9	9	908	5	1	1	3	15	1	0	0	260
9.0845	1	0	1	1	908	5	1	4	1	15	1	0	26	1862
9.0925	1	0	8	8	909	3	1	1	2	15	1	0	0	172
9.098	1	0	7	7	909	9	0	1	2	15	1	0	0	172
9.1215	1	0	4	4	912	2	1	1	1	15	1	0	26	1862
9.1245	1	0	10	10	912	5	1	1	2	15	1	0	2	274
9.1245	1	0	5	5	912	5	1	3	1	15	1	0	13	699
9.1365	1	0	2	2	913	7	1	1	1	15	1	0	18	1006
9.1385	1	0	6	6	913	9	1	1	2	15	1	0	0	172
9.1395	1	0	3	3	914	0	1	1	1	15	1	0	18	1006
9.1425	1	0	9	9	914	3	1	1	3	15	1	0	0	260
9.1455	1	0	1	1	914	6	1	1	1	15	1	0	26	1862
9.1685	1	0	8	8	916	9	1	1	2	15	1	0	0	172
9.1705	1	0	7	7	917	1	1	1	3	15	1	0	0	260
9.1705	1	0	4	4	917	1	1	4	2	15	1	0	2	274
9.1765	1	0	10	10	917	7	1	1	2	15	1	0	0	172
9.1895	1	0	5	5	919	0	1	1	1	15	1	0	8	428
9.1905	1	0	6	6	919	1	1	1	3	15	1	0	0	260
9.1985	1	0	9	9	919	9	1	1	3	15	1	0	0	260
9.2015	1	0	3	3	920	2	1	1	1	15	1	0	18	1006
9.2025	1	0	2	2	920	3	1	1	1	15	1	0	15	874
9.207	1	0	1	1	920	8	0	1	1	15	1	0	26	1862
9.2155	1	0	8	8	921	6	1	1	2	15	1	0	0	172
9.2275	1	0	4	4	922	8	1	1	1	15	1	0	6	318
9.2315	1	0	7	7	923	2	1	1	3	15	1	0	0	260
9.2355	1	0	10	10	923	6	1	1	3	15	1	0	0	260
9.2495	1	0	5	5	925	0	1	1	1	15	1	0	11	538
9.2515	1	0	6	6	925	2	1	1	2	15	1	0	0	172
9.2525	1	0	9	9	925	3	1	1	2	15	1	0	0	172
9.2595	1	0	2	2	926	0	1	1	1	15	1	0	22	1423
9.2605	1	0	1	1	926	1	1	1	1	15	1	0	26	1862
9.2665	1	0	3	3	926	7	1	1	1	15	1	0	18	1006
9.2685	1	0	8	8	926	9	1	1	2	15	1	0	0	172
9.2775	1	0	4	4	927	8	1	1	1	15	1	0	24	1642
9.2815	1	0	7	7	928	2	1	1	2	15	1	0	0	172
9.2935	1	0	10	10	929	4	1	1	2	15	1	0	0	172
9.294	1	0	10	10	929	5	0	1	1	14	1	0	0	84
9.3015	1	0	5	5	930	2	1	1	1	15	1	0	8	428
9.3115	1	0	6	6	931	2	1	1	2	15	1	0	0	172
9.3115	1	0	1	1	931	2	1	3	1	15	1	0	26	1862
9.3155	1	0	3	3	931	6	1	1	1	15	1	0	4	216
9.3175	1	0	2	2	931	8	1	1	1	15	1	0	22	1423
9.3235	1	0	9	9	932	4	1	1	2	15	1	0	0	172
9.3335	1	0	4	4	933	4	1	1	1	15	1	0	22	1423
9.3345	1	0	7	7	933	5	1	1	3	15	1	0	0	260
9.3355	1	0	8	8	933	6	1	1	2	15	1	0	0	172
9.3435	1	0	10	10	934	4	1	1	4	15	1	0	0	348
9.3535	1	0	5	5	935	4	1	1	1	15	1	0	6	318
9.3575	1	0	1	1	935	8	1	1	1	15	1	0	26	1862
9.3625	1	0	6	6	936	3	1	1	3	15	1	0	0	260
9.3685	1	0	2	2	936	9	1	1	1	15	1	0	24	1642
9.3825	1	0	3	3	938	3	1	1	1	15	1	0	15	874
9.3855	1	0	9	9	938	6	1	1	2	15	1	0	0	172
9.3895	1	0	7	7	939	0	1	1	3	15	1	0	0	260
9.391	1	0	4	4	939	2	0	1	1	15	1	0	20	1203
9.3955	1	0	8	8	939	6	1	1	2	15	1	0	0	172
9.4075	1	0	5	5	940	8	1	1	1	15	1	0	6	318
9.4095	1	0	10	10	941	0	1	1	2	15	1	0	0	172
9.4105	1	0	1	1	941	1	1	1	1	15	1	0	26	1862
9.4125	1	0	6	6	941	3	1	1	3	15	1	0	0	260
9.4225	1	0	2	2	942	3	1	1	1	15	1	0	24	1642
9.4315	1	0	3	3	943	2	1	1	1	15	1	0	15	874
9.4375	1	0	9	9	943	8	1	1	2	15	1	0	0	172
9.438	1	0	9	9	943	9	0	1	1	14	1	0	0	84
9.4385	1	0	4	4	943	9	1	1	1	15	1	0	22	1423
9.4475	1	0	7	7	944	8	1	1	2	15	1	0	2	274
9.4615	1	0	8	8	946	2	1	1	2	15	1	0	0	172
9.4645	1	0	10	10	946	5	1	1	3	15	1	0	0	260
9.4735	1	0	1	1	947	4	1	1	1	15	1	0	26	1862
9.4755	1	0	6	6	947	6	1	1	2	15	1	0	0	172
9.4795	1	0	5	5	948	0	1	1	1	15	1	0	6	318
9.4865	1	0	3	3	948	7	1	1	1	15	1	0	15	874
9.4885	1	0	9	9	948	9	1	1	2	15	1	0	0	172
9.4925	1	0	4	4	949	3	1	1	1	15	1	0	22	1423
9.494	1	0	2	2	949	5	0	1	1	15	1	0	26	1862
9.5145	1	0	7	7	951	5	1	1	1	15	1	0	4	216
9.5165	1	0	8	8	951	7	1	1	3	15	1	0	0	260
9.522	1	0	10	10	952	3	0	1	2	15	1	0	0	172
9.5255	1	0	6	6	952	6	1	1	2	15	1	0	0	172
9.5275	1	0	1	1	952	8	1	1	1	15	1	0	26	1862
9.5395	1	0	5	5	954	0	1	1	1	15	1	0	4	216
9.5445	1	0	9	9	954	5	1	1	2	15	1	0	0	172
9.5505	1	0	4	4	955	1	1	1	1	15	1	0	4	216
9.5575	1	0	2	2	955	8	1	1	1	15	1	0	22	1423
9.5595	1	0	3	3	956	0	1	1	1	15	1	0	13	699
9.5715	1	0	8	8	957	2	1	1	2	15	1	0	0	172
9.5755	1	0	6	6	957	6	1	1	2	15	1	0	0	172
9.5785	1	0	10	10	957	9	1	1	3	15	1	0	0	260
9.5815	1	0	7	7	958	2	1	1	1	15	1	0	4	216
9.5885	1	0	1	1	958	9	1	1	1	15	1	0	26	1862
9.5975	1	0	9	9	959	8	1	1	2	15	1	0	0	172
9.5985	1	0	5	5	959	9	1	1	1	15	1	0	6	318
9.6065	1	0	4	4	960	7	1	1	1	15	1	0	4	216
9.6085	1	0	2	2	960	9	1	1	1	15	1	0	26	1862
9.6115	1	0	3	3	961	2	1	1	1	15	1	0	15	874
9.6355	1	0	10	10	963	6	1	1	3	15	1	0	0	260
9.6395	1	0	7	7	964	0	1	1	1	15	1	0	6	318
9.6395	1	0	6	6	964	0	1	2	3	15	1	0	0	260
9.6415	1	0	1	1	964	2	1	1	1	15	1	0	26	1862
9.6435	1	0	8	8	964	4	1	1	2	15	1	0	0	172
9.6495	1	0	9	9	965	0	1	1	3	15	1	0	0	260
9.6495	1	0	5	5	965	0	1	4	2	15	1	0	6	640
9.6615	1	0	4	4	966	2	1	1	1	15	1	0	6	318
9.6615	1	0	3	3	966	2	1	2	1	15	1	0	13	699
9.6655	1	0	2	2	966	6	1	1	1	15	1	0	24	1642
9.6955	1	0	6	6	969	6	1	1	2	15	1	0	0	172
9.701	1	0	10	10	970	2	0	1	2	15	1	0	0	172
9.7015	1	0	9	9	970	2	1	1	3	15	1	0	0	260
9.7025	1	0	1	1	970	3	1	1	1	15	1	0	26	1862
9.7055	1	0	5	5	970	6	1	1	3	15	1	0	0	260
9.7115	1	0	8	8	971	2	1	1	3	15	1	0	0	260
9.7145	1	0	7	7	971	5	1	1	2	15	1	0	0	172
9.7175	1	0	3	3	971	8	1	1	2	15	1	0	2	274
9.7195	1	0	2	2	972	0	1	1	1	15	1	0	20	1203
9.7215	1	0	4	4	972	2	1	1	1	15	1	0	20	1203
9.7455	1	0	10	10	974	6	1	1	2	15	1	0	0	172
9.751	1	0	6	6	975	2	0	1	3	15	1	0	0	260
9.7615	1	0	9	9	976	2	1	1	3	15	1	0	0	260
9.7625	1	0	5	5	976	3	1	1	3	15	1	0	0	260
9.7705	1	0	7	7	977	1	1	1	2	15	1	0	2	274
9.7715	1	0	8	8	977	2	1	1	3	15	1	0	0	260
9.7735	1	0	3	3	977	4	1	1	1	15	1	0	6	318
9.7745	1	0	1	1	977	5	1	1	1	15	1	0	26	1862
9.777	1	0	4	4	977	8	0	1	1	15	1	0	22	1423
9.7775	1	0	2	2	977	8	1	1	1	15	1	0	22	1423
9.8025	1	0	6	6	980	3	1	1	2	15	1	0	0	172
9.8055	1	0	10	10	980	6	1	1	2	15	1	0	0	172
9.8165	1	0	9	9	981	7	1	1	2	15	1	0	0	172
9.8175	1	0	5	5	981	8	1	1	3	15	1	0	0	260
9.823	1	0	8	8	982	4	0	1	2	15	1	0	0	172
9.8245	1	0	3	3	982	5	1	1	1	15	1	0	6	318
9.831	1	0	1	1	983	2	0	1	1	15	1	0	26	1862
9.8345	1	0	2	2	983	5	1	1	1	15	1	0	22	1423
9.8405	1	0	4	4	984	1	1	1	1	15	1	0	11	538
9.8465	1	0	7	7	984	7	1	1	2	15	1	0	0	172
9.8555	1	0	10	10	985	6	1	1	3	15	1	0	0	260
9.8635	1	0	6	6	986	4	1	1	2	15	1	0	0	172
9.8675	1	0	5	5	986	8	1	1	2	15	1	0	0	172
9.8845	1	0	9	9	988	5	1	1	2	15	1	0	0	172
9.8865	1	0	3	3	988	7	1	1	1	15	1	0	13	699
9.8905	1	0	8	8	989	1	1	1	2	15	1	0	0	172
9.8925	1	0	1	1	989	3	1	1	1	15	1	0	26	1862
9.8995	1	0	4	4	990	0	1	1	1	15	1	0	15	874
9.9055	1	0	2	2	990	6	1	1	1	15	1	0	24	1642
9.9085	1	0	10	10	990	9	1	1	2	15	1	0	0	172
9.9185	1	0	6	6	991	9	1	1	3	15	1	0	0	260
9.9205	1	0	5	5	992	1	1	1	1	15	1	0	2	135
9.9255	1	0	7	7	992	6	1	1	2	15	1	0	0	172
9.9365	1	0	3	3	993	7	1	1	1	15	1	0	13	699
9.9375	1	0	9	9	993	8	1	1	3	15	1	0	0	260
9.9445	1	0	8	8	994	5	1	1	2	15	1	0	0	172
9.9575	1	0	1	1	995	8	1	1	1	15	1	0	26	1862
9.9645	1	0	2	2	996	5	1	1	1	15	1	0	24	1642
9.9655	1	0	10	10	996	6	1	1	2	15	1	0	0	172
9.971	1	0	6	6	997	2	0	1	2	15	1	0	0	172
9.971	1	0	4	4	997	2	0	3	1	15	1	0	18	1006
9.979	1	0	7	7	998	0	0	1	2	15	1	0	0	172
9.9855	1	0	5	5	998	6	1	1	1	15	1	0	6	318
9.9905	1	0	3	3	999	1	1	1	1	15	1	0	11	538
9.9995	1	0	9	9	1000	0	1	1	2	15	1	0	0	172
